acc_x,acc_y,acc_z,video_frame_seq,timestamp
-0.259765625,-0.3486328125,0.9061279296875,0,1602470837843
-0.2696533203125,-0.350341796875,0.90966796875,0,1602470837850
-0.2738037109375,-0.3397216796875,0.903564453125,0,1602470837857
-0.2535400390625,-0.341796875,0.903076171875,0,1602470837872
-0.2337646484375,-0.3433837890625,0.9166259765625,1,1602470837880
-0.2318115234375,-0.340576171875,0.925048828125,1,1602470837887
-0.2373046875,-0.3387451171875,0.9193115234375,1,1602470837902
-0.2371826171875,-0.3409423828125,0.9266357421875,2,1602470837909
-0.24365234375,-0.33935546875,0.9346923828125,2,1602470837917
-0.247314453125,-0.3359375,0.9344482421875,2,1602470837932
-0.2320556640625,-0.33154296875,0.9215087890625,3,1602470837939
-0.229248046875,-0.33203125,0.9119873046875,3,1602470837947
-0.2568359375,-0.3302001953125,0.897705078125,3,1602470837962
-0.2681884765625,-0.334716796875,0.90185546875,3,1602470837969
-0.2646484375,-0.33154296875,0.9312744140625,4,1602470837977
-0.2662353515625,-0.3248291015625,0.936279296875,4,1602470837992
-0.2879638671875,-0.326416015625,0.92822265625,4,1602470837999
-0.3123779296875,-0.337158203125,0.9183349609375,4,1602470838007
-0.3233642578125,-0.3375244140625,0.9166259765625,5,1602470838022
-0.322509765625,-0.337890625,0.8968505859375,5,1602470838029
-0.3035888671875,-0.339111328125,0.8953857421875,5,1602470838037
-0.2882080078125,-0.3255615234375,0.901123046875,6,1602470838052
-0.288818359375,-0.328125,0.9024658203125,6,1602470838059
-0.2908935546875,-0.3385009765625,0.899169921875,6,1602470838074
-0.3094482421875,-0.337158203125,0.89404296875,7,1602470838082
-0.323486328125,-0.3399658203125,0.9000244140625,7,1602470838090
-0.3240966796875,-0.3519287109375,0.9013671875,7,1602470838097
-0.3154296875,-0.3504638671875,0.904541015625,8,1602470838112
-0.308349609375,-0.3387451171875,0.90625,8,1602470838119
-0.3023681640625,-0.331787109375,0.90625,8,1602470838127
-0.3009033203125,-0.33056640625,0.90625,8,1602470838142
-0.3077392578125,-0.3359375,0.9052734375,9,1602470838157
-0.3177490234375,-0.3338623046875,0.8994140625,9,1602470838164
-0.3193359375,-0.332275390625,0.896728515625,9,1602470838172
-0.3197021484375,-0.3446044921875,0.89892578125,10,1602470838180
-0.320068359375,-0.3486328125,0.9022216796875,10,1602470838187
-0.2962646484375,-0.3466796875,0.9014892578125,10,1602470838202
-0.2740478515625,-0.3359375,0.901611328125,11,1602470838210
-0.263916015625,-0.323486328125,0.901611328125,11,1602470838217
-0.2843017578125,-0.327880859375,0.9051513671875,11,1602470838232
-0.3233642578125,-0.3341064453125,0.9027099609375,11,1602470838240
-0.329833984375,-0.3377685546875,0.913818359375,12,1602470838247
-0.314697265625,-0.33251953125,0.925537109375,12,1602470838262
-0.2958984375,-0.320556640625,0.929443359375,12,1602470838270
-0.29443359375,-0.322265625,0.928955078125,13,1602470838277
-0.3096923828125,-0.3310546875,0.917724609375,13,1602470838292
-0.3199462890625,-0.3343505859375,0.896484375,13,1602470838299
-0.3214111328125,-0.33837890625,0.8876953125,13,1602470838307
-0.3194580078125,-0.3348388671875,0.892333984375,14,1602470838322
-0.328857421875,-0.3310546875,0.909423828125,14,1602470838330
-0.3426513671875,-0.33203125,0.925537109375,14,1602470838337
-0.3455810546875,-0.3275146484375,0.9354248046875,15,1602470838352
-0.34326171875,-0.3173828125,0.9339599609375,15,1602470838360
-0.3372802734375,-0.3128662109375,0.920166015625,15,1602470838367
-0.3358154296875,-0.3150634765625,0.902099609375,16,1602470838382
-0.3448486328125,-0.32421875,0.8858642578125,16,1602470838390
-0.354736328125,-0.33203125,0.88671875,16,1602470838397
-0.3414306640625,-0.3316650390625,0.9130859375,17,1602470838420
-0.31591796875,-0.326171875,0.9344482421875,17,1602470838427
-0.2984619140625,-0.322021484375,0.9290771484375,17,1602470838435
-0.29150390625,-0.3232421875,0.9183349609375,17,1602470838442
-0.29150390625,-0.3277587890625,0.9652099609375,18,1602470838450
-0.279296875,-0.3370361328125,0.9893798828125,18,1602470838457
-0.2679443359375,-0.3370361328125,0.9737548828125,18,1602470838472
-0.2764892578125,-0.3441162109375,0.9609375,19,1602470838480
-0.29931640625,-0.3553466796875,0.99560546875,19,1602470838487
-0.31640625,-0.350830078125,1.057373046875,19,1602470838502
-0.2803955078125,-0.3272705078125,1.065185546875,20,1602470838517
-0.199951171875,-0.3153076171875,1.03466796875,20,1602470838525
-0.132568359375,-0.3297119140625,1.0072021484375,20,1602470838532
-0.12353515625,-0.3516845703125,0.982421875,20,1602470838540
-0.15869140625,-0.369140625,0.9853515625,21,1602470838547
-0.20068359375,-0.40380859375,1.019775390625,21,1602470838562
-0.203857421875,-0.4224853515625,1.0714111328125,21,1602470838570
-0.220947265625,-0.3748779296875,1.152099609375,22,1602470838577
-0.240234375,-0.310302734375,1.187255859375,22,1602470838592
-0.218505859375,-0.286865234375,1.1484375,22,1602470838607
-0.2142333984375,-0.2882080078125,1.08203125,23,1602470838615
-0.2769775390625,-0.307861328125,1.0126953125,23,1602470838622
-0.3543701171875,-0.3472900390625,0.9505615234375,23,1602470838630
-0.4149169921875,-0.3955078125,0.892578125,23,1602470838637
-0.457763671875,-0.423095703125,0.8492431640625,24,1602470838652
-0.478515625,-0.4232177734375,0.8343505859375,24,1602470838660
-0.4921875,-0.412353515625,0.833740234375,24,1602470838667
-0.4920654296875,-0.40869140625,0.837646484375,24,1602470838682
-0.5054931640625,-0.4007568359375,0.8408203125,25,1602470838705
-0.51904296875,-0.394287109375,0.8179931640625,26,1602470838712
-0.5172119140625,-0.4046630859375,0.7607421875,26,1602470838719
-0.495849609375,-0.43505859375,0.6563720703125,26,1602470838727
-0.409423828125,-0.459228515625,0.541748046875,26,1602470838735
-0.377197265625,-0.465576171875,0.507568359375,26,1602470838742
-0.457275390625,-0.4705810546875,0.56689453125,27,1602470838749
-0.517578125,-0.4842529296875,0.615234375,27,1602470838757
-0.536376953125,-0.485107421875,0.6937255859375,27,1602470838772
-0.5374755859375,-0.5123291015625,0.7138671875,27,1602470838779
-0.5399169921875,-0.5528564453125,0.6201171875,28,1602470838787
-0.5406494140625,-0.5660400390625,0.5643310546875,28,1602470838802
-0.5283203125,-0.57080078125,0.5592041015625,28,1602470838809
-0.4873046875,-0.5711669921875,0.564453125,29,1602470838825
-0.4075927734375,-0.559814453125,0.5921630859375,29,1602470838832
-0.3270263671875,-0.559814453125,0.63818359375,30,1602470838855
-0.275146484375,-0.5826416015625,0.702392578125,30,1602470838862
-0.2652587890625,-0.6064453125,0.735595703125,30,1602470838870
-0.286865234375,-0.6163330078125,0.716064453125,30,1602470838877
-0.276123046875,-0.63818359375,0.6700439453125,31,1602470838885
-0.2470703125,-0.6258544921875,0.581298828125,31,1602470838892
-0.201904296875,-0.54541015625,0.5341796875,31,1602470838900
-0.187255859375,-0.5130615234375,0.5867919921875,31,1602470838907
-0.21435546875,-0.5245361328125,0.6241455078125,32,1602470838914
-0.2481689453125,-0.541015625,0.6741943359375,32,1602470838929
-0.2745361328125,-0.593994140625,0.7086181640625,33,1602470838952
-0.2984619140625,-0.6387939453125,0.69580078125,33,1602470838960
-0.339111328125,-0.6492919921875,0.7047119140625,33,1602470838967
-0.3870849609375,-0.6446533203125,0.72412109375,33,1602470838975
-0.435791015625,-0.622802734375,0.71630859375,34,1602470838990
-0.4822998046875,-0.59765625,0.70361328125,34,1602470838997
-0.5279541015625,-0.5775146484375,0.688232421875,34,1602470839005
-0.5548095703125,-0.5614013671875,0.7012939453125,35,1602470839012
-0.541748046875,-0.563720703125,0.7269287109375,35,1602470839020
-0.5106201171875,-0.574462890625,0.723388671875,35,1602470839027
-0.486572265625,-0.604248046875,0.7291259765625,35,1602470839034
-0.4639892578125,-0.631103515625,0.738525390625,36,1602470839050
-0.40869140625,-0.6343994140625,0.7640380859375,36,1602470839057
-0.3282470703125,-0.6143798828125,0.7838134765625,36,1602470839064
-0.2581787109375,-0.5806884765625,0.82373046875,37,1602470839087
-0.2066650390625,-0.5572509765625,0.868896484375,37,1602470839095
-0.1800537109375,-0.5404052734375,0.8729248046875,37,1602470839102
-0.2169189453125,-0.5374755859375,0.881103515625,37,1602470839110
-0.2811279296875,-0.5657958984375,0.8751220703125,38,1602470839117
-0.32763671875,-0.5955810546875,0.8526611328125,38,1602470839125
-0.34130859375,-0.6033935546875,0.849853515625,38,1602470839147
-0.327392578125,-0.591796875,0.87744140625,39,1602470839155
-0.308349609375,-0.5892333984375,0.9080810546875,39,1602470839162
-0.279052734375,-0.559326171875,0.8740234375,39,1602470839170
-0.274658203125,-0.5047607421875,0.8294677734375,40,1602470839185
-0.314453125,-0.4986572265625,0.7943115234375,40,1602470839192
-0.352294921875,-0.536865234375,0.785400390625,40,1602470839200
-0.368408203125,-0.5870361328125,0.7935791015625,41,1602470839215
-0.4122314453125,-0.6358642578125,0.8016357421875,41,1602470839222
-0.4713134765625,-0.635986328125,0.82421875,41,1602470839229
-0.5062255859375,-0.640380859375,0.8668212890625,41,1602470839237
-0.497314453125,-0.672607421875,0.8692626953125,41,1602470839244
-0.4566650390625,-0.634521484375,0.81103515625,42,1602470839267
-0.4052734375,-0.6171875,0.7437744140625,42,1602470839275
-0.36279296875,-0.6434326171875,0.7186279296875,43,1602470839282
-0.3267822265625,-0.6630859375,0.719482421875,43,1602470839290
-0.3016357421875,-0.6119384765625,0.8143310546875,43,1602470839297
-0.3148193359375,-0.5904541015625,0.841064453125,43,1602470839305
-0.3529052734375,-0.581298828125,0.8438720703125,44,1602470839320
-0.414794921875,-0.6009521484375,0.8111572265625,44,1602470839327
-0.4366455078125,-0.66455078125,0.708984375,44,1602470839335
-0.431396484375,-0.6737060546875,0.6170654296875,45,1602470839350
-0.4649658203125,-0.6484375,0.5460205078125,45,1602470839357
-0.4844970703125,-0.6424560546875,0.51416015625,45,1602470839365
-0.428955078125,-0.67529296875,0.49267578125,46,1602470839387
-0.36669921875,-0.69140625,0.493896484375,46,1602470839395
-0.3541259765625,-0.7012939453125,0.5,46,1602470839410
-0.35302734375,-0.7330322265625,0.4853515625,47,1602470839417
-0.3585205078125,-0.7603759765625,0.472900390625,47,1602470839425
-0.36767578125,-0.7711181640625,0.4366455078125,47,1602470839432
-0.37744140625,-0.7545166015625,0.4237060546875,47,1602470839440
-0.3873291015625,-0.7413330078125,0.411865234375,47,1602470839447
-0.3759765625,-0.7392578125,0.389892578125,48,1602470839455
-0.3585205078125,-0.74267578125,0.390869140625,48,1602470839470
-0.340087890625,-0.7310791015625,0.40283203125,48,1602470839477
-0.3460693359375,-0.7042236328125,0.406494140625,49,1602470839485
-0.4183349609375,-0.700927734375,0.43408203125,49,1602470839500
-0.516357421875,-0.7103271484375,0.485595703125,49,1602470839507
-0.6177978515625,-0.7125244140625,0.549072265625,49,1602470839515
-0.716064453125,-0.7049560546875,0.59765625,50,1602470839530
-0.752197265625,-0.6856689453125,0.59033203125,50,1602470839537
-0.6962890625,-0.647705078125,0.5946044921875,50,1602470839545
-0.5289306640625,-0.6048583984375,0.5970458984375,51,1602470839560
-0.29638671875,-0.5733642578125,0.732421875,51,1602470839567
-0.21826171875,-0.570068359375,0.828369140625,51,1602470839575
-0.2437744140625,-0.5767822265625,0.874755859375,52,1602470839590
-0.2738037109375,-0.6129150390625,0.891845703125,52,1602470839597
-0.3121337890625,-0.65673828125,0.86279296875,52,1602470839605
-0.3238525390625,-0.6549072265625,0.8223876953125,53,1602470839620
-0.3271484375,-0.65185546875,0.7607421875,53,1602470839627
-0.3626708984375,-0.6578369140625,0.7169189453125,53,1602470839635
-0.36962890625,-0.653564453125,0.7010498046875,54,1602470839650
-0.31103515625,-0.638671875,0.7208251953125,54,1602470839657
-0.2677001953125,-0.6357421875,0.7486572265625,54,1602470839665
-0.3238525390625,-0.6527099609375,0.7587890625,54,1602470839680
-0.3922119140625,-0.67529296875,0.76025390625,55,1602470839687
-0.4173583984375,-0.685791015625,0.716064453125,55,1602470839695
-0.4478759765625,-0.693115234375,0.673583984375,55,1602470839710
-0.4364013671875,-0.679443359375,0.6414794921875,56,1602470839717
-0.3897705078125,-0.6622314453125,0.6475830078125,56,1602470839725
-0.276611328125,-0.657958984375,0.6959228515625,56,1602470839740
-0.1229248046875,-0.65869140625,0.7706298828125,56,1602470839747
-0.0594482421875,-0.648681640625,0.834228515625,57,1602470839755
-0.083251953125,-0.6219482421875,0.857421875,57,1602470839770
-0.1790771484375,-0.5994873046875,0.8447265625,57,1602470839777
-0.26513671875,-0.593505859375,0.8023681640625,58,1602470839785
-0.273193359375,-0.5870361328125,0.76953125,58,1602470839807
-0.25537109375,-0.535400390625,0.795654296875,58,1602470839815
-0.242919921875,-0.5130615234375,0.7989501953125,59,1602470839822
-0.177001953125,-0.541259765625,0.7833251953125,59,1602470839830
-0.144287109375,-0.5615234375,0.800537109375,59,1602470839837
-0.1741943359375,-0.54541015625,0.8482666015625,59,1602470839845
-0.2728271484375,-0.4962158203125,0.8941650390625,60,1602470839860
-0.3988037109375,-0.460205078125,0.959716796875,60,1602470839867
-0.39599609375,-0.4515380859375,1.0008544921875,60,1602470839875
-0.32958984375,-0.4471435546875,0.968994140625,61,1602470839890
-0.2919921875,-0.4698486328125,0.93994140625,61,1602470839897
-0.3411865234375,-0.582275390625,0.8431396484375,61,1602470839905
-0.4251708984375,-0.659912109375,0.7518310546875,62,1602470839920
-0.4930419921875,-0.682373046875,0.6854248046875,62,1602470839927
-0.4918212890625,-0.6800537109375,0.696044921875,62,1602470839935
-0.444091796875,-0.61962890625,0.7178955078125,63,1602470839950
-0.3668212890625,-0.5576171875,0.751953125,63,1602470839957
-0.2220458984375,-0.533935546875,0.7449951171875,63,1602470839965
-0.169921875,-0.520263671875,0.7606201171875,63,1602470839980
-0.1846923828125,-0.5123291015625,0.763671875,64,1602470839987
-0.2559814453125,-0.4989013671875,0.7677001953125,64,1602470839995
-0.2869873046875,-0.4761962890625,0.8399658203125,64,1602470840010
-0.2664794921875,-0.4439697265625,1.012451171875,65,1602470840017
-0.3914794921875,-0.427734375,1.1361083984375,65,1602470840025
-0.4263916015625,-0.4278564453125,1.08837890625,65,1602470840040
-0.3494873046875,-0.4537353515625,1.01171875,65,1602470840047
-0.3310546875,-0.46630859375,0.950439453125,66,1602470840055
-0.3314208984375,-0.4586181640625,0.8333740234375,66,1602470840062
-0.336181640625,-0.4769287109375,0.7420654296875,66,1602470840077
-0.3004150390625,-0.4769287109375,0.7081298828125,67,1602470840085
-0.2386474609375,-0.4886474609375,0.706298828125,67,1602470840092
-0.2177734375,-0.487548828125,0.7509765625,67,1602470840107
-0.1787109375,-0.4603271484375,0.764404296875,67,1602470840115
-0.17529296875,-0.44384765625,0.7886962890625,68,1602470840122
-0.1925048828125,-0.439697265625,0.8250732421875,68,1602470840137
-0.206298828125,-0.4376220703125,0.8658447265625,68,1602470840145
-0.211669921875,-0.466064453125,0.8924560546875,69,1602470840152
-0.22314453125,-0.469482421875,0.8870849609375,69,1602470840167
-0.2635498046875,-0.44189453125,0.8670654296875,69,1602470840175
-0.2576904296875,-0.4404296875,0.8592529296875,69,1602470840182
-0.2305908203125,-0.4527587890625,0.850341796875,70,1602470840197
-0.2843017578125,-0.467041015625,0.8546142578125,70,1602470840212
-0.385009765625,-0.4989013671875,0.824951171875,71,1602470840220
-0.437255859375,-0.470947265625,0.82568359375,71,1602470840227
-0.47314453125,-0.4620361328125,0.826171875,71,1602470840235
-0.50146484375,-0.4432373046875,0.791259765625,71,1602470840242
-0.5655517578125,-0.43505859375,0.72705078125,72,1602470840265
-0.64111328125,-0.5157470703125,0.7186279296875,72,1602470840272
-0.558349609375,-0.504150390625,0.6588134765625,73,1602470840287
-0.524658203125,-0.475341796875,0.68212890625,73,1602470840295
-0.4915771484375,-0.5426025390625,0.8096923828125,73,1602470840302
-0.37841796875,-0.5133056640625,0.9073486328125,73,1602470840310
-0.3338623046875,-0.4169921875,0.9593505859375,74,1602470840317
-0.42333984375,-0.3909912109375,0.6629638671875,74,1602470840332
-0.6309814453125,-0.4952392578125,0.6971435546875,74,1602470840340
-0.5701904296875,-0.5908203125,0.7191162109375,75,1602470840355
-0.4866943359375,-0.52685546875,0.7381591796875,75,1602470840362
-0.41748046875,-0.42626953125,0.7828369140625,75,1602470840377
-0.3070068359375,-0.3765869140625,0.8834228515625,76,1602470840392
-0.3363037109375,-0.3822021484375,0.929443359375,76,1602470840400
-0.44921875,-0.400634765625,0.837158203125,76,1602470840407
-0.473388671875,-0.4100341796875,0.8179931640625,76,1602470840415
-0.412841796875,-0.4141845703125,0.8548583984375,77,1602470840422
-0.3822021484375,-0.4207763671875,0.865478515625,77,1602470840430
-0.435302734375,-0.396484375,0.8145751953125,77,1602470840437
-0.48828125,-0.412841796875,0.8895263671875,77,1602470840445
-0.481689453125,-0.4246826171875,0.9725341796875,78,1602470840452
-0.4754638671875,-0.4124755859375,1.0081787109375,78,1602470840467
-0.3663330078125,-0.429931640625,1.003173828125,78,1602470840475
-0.2679443359375,-0.4053955078125,0.93994140625,78,1602470840482
-0.31396484375,-0.3839111328125,0.86279296875,79,1602470840497
-0.399169921875,-0.39453125,0.8204345703125,79,1602470840505
-0.532470703125,-0.4566650390625,0.78125,79,1602470840512
-0.67236328125,-0.5191650390625,0.7510986328125,80,1602470840527
-0.6614990234375,-0.5380859375,0.72021484375,80,1602470840535
-0.56884765625,-0.5301513671875,0.7230224609375,80,1602470840542
-0.548095703125,-0.5172119140625,0.7000732421875,81,1602470840557
-0.5540771484375,-0.5322265625,0.6627197265625,81,1602470840565
-0.529541015625,-0.563232421875,0.630615234375,81,1602470840572
-0.4969482421875,-0.5777587890625,0.5999755859375,82,1602470840587
-0.4945068359375,-0.5703125,0.5706787109375,82,1602470840595
-0.543212890625,-0.529296875,0.5552978515625,82,1602470840602
-0.627685546875,-0.5185546875,0.58056640625,82,1602470840617
-0.63525390625,-0.5625,0.612548828125,83,1602470840625
-0.5498046875,-0.583984375,0.6138916015625,83,1602470840632
-0.4884033203125,-0.5703125,0.59033203125,83,1602470840647
-0.4521484375,-0.5697021484375,0.5765380859375,84,1602470840655
-0.41162109375,-0.617919921875,0.6151123046875,84,1602470840662
-0.4071044921875,-0.604248046875,0.642578125,84,1602470840677
-0.4263916015625,-0.5458984375,0.650146484375,84,1602470840685
-0.4197998046875,-0.5308837890625,0.6746826171875,85,1602470840692
-0.4173583984375,-0.5177001953125,0.74267578125,85,1602470840707
-0.476806640625,-0.5477294921875,0.8260498046875,85,1602470840715
-0.4761962890625,-0.5677490234375,0.80859375,86,1602470840722
-0.4638671875,-0.51611328125,0.75244140625,86,1602470840737
-0.450927734375,-0.465576171875,0.7315673828125,86,1602470840745
-0.4423828125,-0.516357421875,0.7662353515625,87,1602470840752
-0.4151611328125,-0.5465087890625,0.7667236328125,87,1602470840767
-0.4110107421875,-0.4842529296875,0.765869140625,87,1602470840775
-0.4290771484375,-0.47705078125,0.726806640625,87,1602470840782
-0.530029296875,-0.4578857421875,0.6331787109375,88,1602470840797
-0.4864501953125,-0.5399169921875,0.8182373046875,88,1602470840805
-0.252685546875,-0.540283203125,0.9400634765625,88,1602470840812
-0.2467041015625,-0.4793701171875,0.94384765625,89,1602470840827
-0.340087890625,-0.4407958984375,0.8525390625,89,1602470840835
-0.38330078125,-0.4954833984375,0.84423828125,89,1602470840842
-0.4031982421875,-0.498291015625,0.8109130859375,90,1602470840857
-0.386962890625,-0.4326171875,0.7825927734375,90,1602470840872
-0.3929443359375,-0.3876953125,0.8065185546875,90,1602470840880
-0.4981689453125,-0.3779296875,0.778564453125,90,1602470840887
-0.5853271484375,-0.4451904296875,0.7401123046875,91,1602470840895
-0.5545654296875,-0.4837646484375,0.6881103515625,91,1602470840902
-0.482421875,-0.4935302734375,0.7147216796875,91,1602470840917
-0.4183349609375,-0.5115966796875,0.7435302734375,92,1602470840932
-0.4290771484375,-0.5274658203125,0.7744140625,92,1602470840947
-0.4595947265625,-0.5614013671875,0.7496337890625,93,1602470840955
-0.4451904296875,-0.556396484375,0.726318359375,93,1602470840962
-0.419677734375,-0.5247802734375,0.70654296875,93,1602470840970
-0.4163818359375,-0.4918212890625,0.669677734375,93,1602470840985
-0.429931640625,-0.4923095703125,0.6380615234375,94,1602470840992
-0.46630859375,-0.50390625,0.6524658203125,94,1602470841000
-0.5062255859375,-0.5067138671875,0.7481689453125,94,1602470841007
-0.3914794921875,-0.530517578125,0.881103515625,94,1602470841015
-0.24853515625,-0.5023193359375,0.929931640625,95,1602470841022
-0.249267578125,-0.407470703125,0.96240234375,95,1602470841037
-0.2979736328125,-0.369140625,0.974365234375,95,1602470841045
-0.3172607421875,-0.3883056640625,1.0003662109375,96,1602470841055
-0.3046875,-0.38525390625,0.9857177734375,96,1602470841082
-0.3824462890625,-0.3575439453125,0.9134521484375,97,1602470841090
-0.45458984375,-0.358642578125,0.888671875,97,1602470841105
-0.4200439453125,-0.3931884765625,0.89697265625,97,1602470841112
-0.4110107421875,-0.4075927734375,0.895263671875,97,1602470841120
-0.4244384765625,-0.4100341796875,0.9097900390625,98,1602470841127
-0.446044921875,-0.42822265625,0.93603515625,98,1602470841142
-0.537841796875,-0.4462890625,0.8682861328125,98,1602470841150
-0.6427001953125,-0.445556640625,0.708984375,99,1602470841157
-0.6781005859375,-0.392822265625,0.5501708984375,99,1602470841165
-0.671875,-0.3778076171875,0.516357421875,99,1602470841180
-0.6490478515625,-0.443603515625,0.56396484375,99,1602470841187
-0.607421875,-0.5277099609375,0.6102294921875,100,1602470841202
-0.5616455078125,-0.5628662109375,0.6422119140625,100,1602470841210
-0.4989013671875,-0.5540771484375,0.70458984375,100,1602470841217
-0.420654296875,-0.52685546875,0.7244873046875,101,1602470841232
-0.358154296875,-0.4715576171875,0.7076416015625,101,1602470841240
-0.2376708984375,-0.4346923828125,0.851806640625,101,1602470841247
-0.1343994140625,-0.4276123046875,0.9073486328125,101,1602470841255
-0.2340087890625,-0.378662109375,0.8768310546875,102,1602470841262
-0.285888671875,-0.4114990234375,1.0162353515625,102,1602470841270
-0.1748046875,-0.4786376953125,1.1658935546875,102,1602470841277
-0.0963134765625,-0.4969482421875,1.249267578125,102,1602470841285
-0.148681640625,-0.43115234375,1.0069580078125,103,1602470841292
-0.2532958984375,-0.32421875,0.8355712890625,103,1602470841300
-0.3953857421875,-0.3695068359375,0.723388671875,104,1602470841322
-0.5748291015625,-0.364013671875,0.7550048828125,104,1602470841330
-0.5582275390625,-0.407958984375,0.8834228515625,104,1602470841337
-0.448974609375,-0.3983154296875,0.93212890625,104,1602470841345
-0.5628662109375,-0.32470703125,0.9732666015625,104,1602470841352
-0.7078857421875,-0.384765625,0.95751953125,105,1602470841360
-0.697021484375,-0.4595947265625,0.818359375,105,1602470841375
-0.6763916015625,-0.48583984375,0.7420654296875,105,1602470841382
-0.6455078125,-0.5006103515625,0.6812744140625,106,1602470841390
-0.6151123046875,-0.48046875,0.6781005859375,106,1602470841405
-0.6572265625,-0.4755859375,0.6859130859375,107,1602470841420
-0.6256103515625,-0.48828125,0.6719970703125,107,1602470841427
-0.53857421875,-0.4998779296875,0.6846923828125,107,1602470841435
-0.5418701171875,-0.4774169921875,0.649658203125,107,1602470841442
-0.642578125,-0.45947265625,0.5701904296875,108,1602470841457
-0.6318359375,-0.4951171875,0.539794921875,108,1602470841465
-0.60302734375,-0.4852294921875,0.554443359375,108,1602470841472
-0.6663818359375,-0.425537109375,0.5736083984375,108,1602470841480
-0.608154296875,-0.4678955078125,0.5445556640625,109,1602470841502
-0.4456787109375,-0.519775390625,0.5604248046875,109,1602470841510
-0.4033203125,-0.5069580078125,0.5185546875,109,1602470841517
-0.462890625,-0.4625244140625,0.4932861328125,110,1602470841525
-0.5980224609375,-0.4591064453125,0.5047607421875,110,1602470841540
-0.7591552734375,-0.46337890625,0.529296875,110,1602470841547
-0.79638671875,-0.4815673828125,0.5028076171875,110,1602470841555
-0.6942138671875,-0.4864501953125,0.47509765625,111,1602470841562
-0.582763671875,-0.468017578125,0.4901123046875,111,1602470841570
-0.5166015625,-0.4542236328125,0.503662109375,111,1602470841585
-0.5782470703125,-0.442138671875,0.4112548828125,112,1602470841592
-0.75244140625,-0.4473876953125,0.345947265625,112,1602470841600
-0.900634765625,-0.4964599609375,0.271728515625,112,1602470841615
-0.94677734375,-0.520263671875,0.3243408203125,112,1602470841622
-0.9400634765625,-0.488037109375,0.38720703125,113,1602470841630
-0.9169921875,-0.476806640625,0.3677978515625,113,1602470841645
-0.8203125,-0.4674072265625,0.343994140625,114,1602470841660
-0.75,-0.4305419921875,0.2974853515625,114,1602470841667
-0.78759765625,-0.4068603515625,0.313232421875,114,1602470841675
-0.8175048828125,-0.4351806640625,0.3402099609375,114,1602470841682
-0.8238525390625,-0.458740234375,0.3267822265625,115,1602470841690
-0.854736328125,-0.4788818359375,0.2747802734375,115,1602470841705
-0.90283203125,-0.5152587890625,0.27294921875,115,1602470841712
-0.9158935546875,-0.5631103515625,0.2373046875,115,1602470841720
-0.90673828125,-0.5733642578125,0.232177734375,116,1602470841735
-0.9259033203125,-0.51953125,0.2818603515625,116,1602470841742
-0.932373046875,-0.480224609375,0.3045654296875,116,1602470841750
-0.909423828125,-0.503662109375,0.25341796875,117,1602470841765
-0.8834228515625,-0.5101318359375,0.204833984375,117,1602470841780
-0.850830078125,-0.5064697265625,0.1329345703125,117,1602470841787
-0.8433837890625,-0.515380859375,0.148681640625,118,1602470841795
-0.7960205078125,-0.5206298828125,0.1943359375,118,1602470841802
-0.810302734375,-0.5179443359375,0.1622314453125,118,1602470841810
-0.939453125,-0.51806640625,0.1121826171875,119,1602470841825
-1.011962890625,-0.546630859375,0.06005859375,119,1602470841832
-0.9931640625,-0.5533447265625,0.0103759765625,119,1602470841840
-0.94384765625,-0.5390625,0.0069580078125,119,1602470841855
-0.91845703125,-0.5150146484375,0.027099609375,120,1602470841862
-0.9212646484375,-0.5062255859375,-0.002685546875,120,1602470841870
-0.9462890625,-0.5029296875,-0.0015869140625,120,1602470841885
-0.942138671875,-0.50048828125,0.02685546875,121,1602470841892
-0.8814697265625,-0.5018310546875,0.0146484375,121,1602470841900
-0.7841796875,-0.4942626953125,0.0489501953125,121,1602470841915
-0.684326171875,-0.484130859375,0.147705078125,121,1602470841922
-0.6932373046875,-0.4727783203125,0.245361328125,122,1602470841930
-0.8021240234375,-0.4671630859375,0.353759765625,122,1602470841945
-0.8741455078125,-0.4281005859375,0.6385498046875,122,1602470841952
-0.962646484375,-0.426025390625,0.423583984375,123,1602470841960
-1.15966796875,-0.4547119140625,0.3712158203125,123,1602470841975
-1.017333984375,-0.4505615234375,0.35546875,123,1602470841982
-0.8648681640625,-0.43115234375,0.3018798828125,123,1602470841990
-0.8892822265625,-0.4114990234375,0.288330078125,124,1602470842005
-0.8651123046875,-0.4210205078125,0.253662109375,124,1602470842012
-0.85546875,-0.43603515625,0.227294921875,124,1602470842020
-0.893310546875,-0.47509765625,0.22607421875,125,1602470842035
-0.880859375,-0.51025390625,0.2305908203125,125,1602470842042
-0.8934326171875,-0.496826171875,0.22900390625,125,1602470842050
-0.9754638671875,-0.4669189453125,0.2181396484375,126,1602470842065
-1.0279541015625,-0.48046875,0.2081298828125,126,1602470842072
-0.971923828125,-0.534912109375,0.1551513671875,126,1602470842080
-0.8101806640625,-0.529296875,0.1070556640625,127,1602470842095
-0.64599609375,-0.4794921875,0.0908203125,127,1602470842102
-0.6046142578125,-0.458251953125,0.0933837890625,127,1602470842110
-0.6781005859375,-0.4681396484375,0.086181640625,128,1602470842125
-0.7659912109375,-0.499267578125,0.072021484375,128,1602470842132
-0.8212890625,-0.535888671875,0.055908203125,128,1602470842140
-0.8331298828125,-0.5516357421875,0.0487060546875,128,1602470842155
-0.8062744140625,-0.5462646484375,0.0372314453125,129,1602470842162
-0.8291015625,-0.5423583984375,0.0023193359375,129,1602470842170
-0.8670654296875,-0.5521240234375,-0.02734375,129,1602470842185
-0.85986328125,-0.5643310546875,-0.028564453125,130,1602470842192
-0.837890625,-0.5579833984375,0.011962890625,130,1602470842200
-0.83544921875,-0.53125,0.0810546875,130,1602470842215
-0.8388671875,-0.52197265625,0.1143798828125,130,1602470842222
-0.864013671875,-0.52099609375,0.138916015625,131,1602470842230
-0.84814453125,-0.511962890625,0.1370849609375,131,1602470842245
-0.8304443359375,-0.5263671875,0.11328125,131,1602470842252
-0.784912109375,-0.5355224609375,0.0634765625,132,1602470842260
-0.7388916015625,-0.52001953125,0.0501708984375,132,1602470842275
-0.749267578125,-0.5045166015625,0.0555419921875,132,1602470842282
-0.8160400390625,-0.5029296875,0.0443115234375,132,1602470842290
-0.8792724609375,-0.51611328125,0.054931640625,133,1602470842305
-0.8955078125,-0.5325927734375,0.052978515625,133,1602470842312
-0.9288330078125,-0.533935546875,0.072021484375,133,1602470842320
-0.968505859375,-0.5181884765625,0.0699462890625,134,1602470842327
-0.9881591796875,-0.5078125,0.0584716796875,134,1602470842342
-0.9588623046875,-0.49658203125,0.0528564453125,134,1602470842350
-0.859619140625,-0.48779296875,0.0361328125,134,1602470842357
-0.7567138671875,-0.4698486328125,0.02734375,135,1602470842372
-0.7259521484375,-0.453857421875,0.0068359375,135,1602470842380
-0.7786865234375,-0.4566650390625,0.0325927734375,135,1602470842387
-0.8516845703125,-0.4609375,0.0706787109375,136,1602470842402
-0.94580078125,-0.47607421875,0.0836181640625,136,1602470842410
-1.0491943359375,-0.483642578125,0.098388671875,136,1602470842417
-1.0655517578125,-0.477294921875,0.091796875,137,1602470842432
-0.992431640625,-0.4647216796875,0.0643310546875,137,1602470842440
-0.9105224609375,-0.4451904296875,0.0394287109375,137,1602470842447
-0.8787841796875,-0.4200439453125,0.03173828125,138,1602470842462
-0.8984375,-0.4049072265625,0.02734375,138,1602470842470
-0.93798828125,-0.4046630859375,0.0291748046875,138,1602470842477
-0.960693359375,-0.4091796875,0.031982421875,139,1602470842492
-0.9678955078125,-0.411865234375,0.031005859375,139,1602470842500
-0.9852294921875,-0.4111328125,0.0380859375,139,1602470842507
-1.004150390625,-0.417724609375,0.03662109375,139,1602470842522
-1.01318359375,-0.4283447265625,0.0225830078125,140,1602470842530
-0.9949951171875,-0.4173583984375,0.0281982421875,140,1602470842537
-0.9881591796875,-0.40625,0.0108642578125,140,1602470842552
-0.9964599609375,-0.411865234375,-0.0064697265625,141,1602470842560
-0.9415283203125,-0.4093017578125,-0.015380859375,141,1602470842567
-0.87451171875,-0.4105224609375,-0.0054931640625,141,1602470842582
-0.849365234375,-0.40234375,0.007568359375,141,1602470842590
-0.8624267578125,-0.3988037109375,0.02490234375,142,1602470842597
-0.893798828125,-0.4130859375,0.02734375,142,1602470842612
-0.9312744140625,-0.4486083984375,0.025390625,142,1602470842620
-0.9620361328125,-0.4720458984375,0.0416259765625,142,1602470842627
-1.001708984375,-0.4674072265625,0.009521484375,143,1602470842642
-1.017578125,-0.4404296875,-0.0316162109375,143,1602470842650
-0.951171875,-0.4207763671875,-0.0440673828125,143,1602470842657
-0.852783203125,-0.437255859375,-0.0594482421875,144,1602470842672
-0.8216552734375,-0.4375,-0.051025390625,144,1602470842680
-0.857421875,-0.427001953125,0.0057373046875,144,1602470842687
-0.9205322265625,-0.4339599609375,0.0621337890625,145,1602470842702
-0.95751953125,-0.4429931640625,0.097412109375,145,1602470842710
-0.96337890625,-0.445556640625,0.1065673828125,145,1602470842717
-0.9356689453125,-0.4403076171875,0.1080322265625,146,1602470842732
-0.9029541015625,-0.43408203125,0.087890625,146,1602470842740
-0.8623046875,-0.419677734375,0.036865234375,146,1602470842747
-0.821533203125,-0.3868408203125,0.026123046875,147,1602470842762
-0.8031005859375,-0.36572265625,0.0716552734375,147,1602470842770
-0.8665771484375,-0.3890380859375,0.1300048828125,147,1602470842777
-0.96044921875,-0.4066162109375,0.18310546875,148,1602470842792
-1.021240234375,-0.418212890625,0.19775390625,148,1602470842800
-1.04150390625,-0.4212646484375,0.202880859375,148,1602470842807
-1.0159912109375,-0.4017333984375,0.1961669921875,148,1602470842822
-0.953125,-0.3839111328125,0.1993408203125,149,1602470842830
-0.8975830078125,-0.3790283203125,0.2049560546875,149,1602470842837
-0.871337890625,-0.38427734375,0.165283203125,149,1602470842852
-0.82958984375,-0.4100341796875,0.1368408203125,150,1602470842860
-0.8203125,-0.4080810546875,0.1495361328125,150,1602470842867
-0.8800048828125,-0.39990234375,0.17822265625,150,1602470842882
-0.9405517578125,-0.404296875,0.1756591796875,150,1602470842890
-0.982177734375,-0.4234619140625,0.1639404296875,151,1602470842897
-0.9833984375,-0.432861328125,0.1654052734375,151,1602470842912
-0.9505615234375,-0.4212646484375,0.1829833984375,151,1602470842920
-0.9298095703125,-0.4114990234375,0.2064208984375,151,1602470842927
-0.922607421875,-0.38623046875,0.22216796875,152,1602470842942
-0.909423828125,-0.3751220703125,0.213134765625,152,1602470842950
-0.8880615234375,-0.4122314453125,0.1556396484375,152,1602470842957
-0.850341796875,-0.4395751953125,0.1431884765625,153,1602470842972
-0.8497314453125,-0.4229736328125,0.1607666015625,153,1602470842980
-0.9227294921875,-0.404052734375,0.176025390625,153,1602470842987
-0.99169921875,-0.4100341796875,0.1953125,154,1602470843002
-1.0068359375,-0.42333984375,0.20361328125,154,1602470843010
-0.968017578125,-0.4305419921875,0.197509765625,154,1602470843017
-0.9185791015625,-0.424072265625,0.1865234375,155,1602470843032
-0.8837890625,-0.40673828125,0.1864013671875,155,1602470843040
-0.8702392578125,-0.4027099609375,0.169921875,155,1602470843047
-0.8748779296875,-0.412353515625,0.1795654296875,156,1602470843062
-0.840087890625,-0.435546875,0.187255859375,156,1602470843070
-0.79443359375,-0.458251953125,0.1861572265625,156,1602470843077
-0.8214111328125,-0.4359130859375,0.1845703125,156,1602470843092
-0.895751953125,-0.423828125,0.153564453125,157,1602470843100
-0.9405517578125,-0.4542236328125,0.105712890625,157,1602470843107
-0.9088134765625,-0.4874267578125,0.072509765625,157,1602470843122
-0.8392333984375,-0.494140625,0.0477294921875,158,1602470843130
-0.794921875,-0.470947265625,0.034912109375,158,1602470843137
-0.8101806640625,-0.4393310546875,0.0462646484375,158,1602470843152
-0.86181640625,-0.4573974609375,-0.0001220703125,158,1602470843160
-0.931640625,-0.4886474609375,0.0379638671875,159,1602470843168
-0.9149169921875,-0.5015869140625,0.1165771484375,159,1602470843183
-0.9603271484375,-0.46044921875,0.1356201171875,159,1602470843190
-0.989013671875,-0.4744873046875,0.152099609375,160,1602470843197
-0.87939453125,-0.4722900390625,0.27734375,160,1602470843212
-0.7435302734375,-0.434326171875,0.3428955078125,160,1602470843220
-0.72021484375,-0.386474609375,0.2989501953125,160,1602470843227
-0.80615234375,-0.3626708984375,0.168212890625,161,1602470843242
-0.851806640625,-0.398681640625,0.177734375,161,1602470843250
-0.770751953125,-0.4427490234375,0.1353759765625,161,1602470843257
-0.8604736328125,-0.451904296875,0.1107177734375,162,1602470843272
-0.94189453125,-0.439453125,0.131103515625,162,1602470843280
-0.9482421875,-0.465576171875,0.12890625,162,1602470843287
-0.9368896484375,-0.4642333984375,0.13671875,163,1602470843302
-0.917236328125,-0.415771484375,0.13232421875,163,1602470843310
-0.90625,-0.3785400390625,0.08642578125,163,1602470843317
-0.9293212890625,-0.3837890625,0.131591796875,164,1602470843332
-0.9501953125,-0.3997802734375,0.1871337890625,164,1602470843340
-0.9815673828125,-0.37744140625,0.0469970703125,164,1602470843347
-0.9132080078125,-0.3861083984375,-0.21142578125,164,1602470843362
-0.9864501953125,-0.4620361328125,-0.350830078125,165,1602470843370
-1.026123046875,-0.5260009765625,-0.3060302734375,165,1602470843377
-1.0191650390625,-0.47705078125,-0.190185546875,165,1602470843392
-1.036865234375,-0.4443359375,-0.10888671875,166,1602470843400
-0.9677734375,-0.4736328125,-0.0733642578125,166,1602470843407
-0.8316650390625,-0.4527587890625,-0.0653076171875,166,1602470843422
-0.725341796875,-0.4051513671875,-0.08740234375,167,1602470843430
-0.7109375,-0.37841796875,-0.1248779296875,167,1602470843437
-0.8072509765625,-0.3720703125,-0.0927734375,167,1602470843452
-0.9632568359375,-0.37841796875,-0.03125,167,1602470843460
-1.0162353515625,-0.376953125,-0.032958984375,168,1602470843467
-0.9842529296875,-0.367919921875,-0.117919921875,168,1602470843475
-0.9326171875,-0.375244140625,-0.2493896484375,168,1602470843490
-0.88525390625,-0.4146728515625,-0.328369140625,169,1602470843497
-0.865234375,-0.4376220703125,-0.3046875,169,1602470843505
-0.885498046875,-0.4249267578125,-0.3182373046875,169,1602470843520
-0.898681640625,-0.421142578125,-0.32568359375,169,1602470843527
-0.8680419921875,-0.4046630859375,-0.3704833984375,170,1602470843535
-0.8236083984375,-0.3975830078125,-0.3668212890625,170,1602470843550
-0.7813720703125,-0.4052734375,-0.333740234375,170,1602470843557
-0.7646484375,-0.3787841796875,-0.2947998046875,171,1602470843565
-0.8013916015625,-0.3541259765625,-0.304443359375,171,1602470843580
-0.868896484375,-0.3828125,-0.3404541015625,171,1602470843587
-0.8375244140625,-0.4713134765625,-0.401123046875,171,1602470843595
-0.861328125,-0.5172119140625,-0.4315185546875,172,1602470843610
-0.96923828125,-0.5106201171875,-0.41455078125,172,1602470843617
-0.984130859375,-0.49755859375,-0.393798828125,172,1602470843625
-0.904296875,-0.4833984375,-0.42431640625,173,1602470843640
-0.8919677734375,-0.43603515625,-0.5150146484375,173,1602470843647
-0.8743896484375,-0.4185791015625,-0.5513916015625,173,1602470843655
-0.8369140625,-0.4248046875,-0.4571533203125,174,1602470843670
-0.8642578125,-0.426025390625,-0.3819580078125,174,1602470843677
-0.8984375,-0.46826171875,-0.3822021484375,174,1602470843685
-0.9837646484375,-0.5223388671875,-0.4381103515625,175,1602470843700
-0.9547119140625,-0.5048828125,-0.4141845703125,175,1602470843707
-0.8135986328125,-0.4345703125,-0.3095703125,175,1602470843715
-0.71826171875,-0.4051513671875,-0.289794921875,175,1602470843730
-0.695556640625,-0.4383544921875,-0.24462890625,176,1602470843737
-0.723876953125,-0.4925537109375,-0.2137451171875,176,1602470843745
-0.7384033203125,-0.47021484375,-0.1844482421875,176,1602470843760
-0.7735595703125,-0.4254150390625,-0.1761474609375,177,1602470843767
-0.8350830078125,-0.407470703125,-0.128173828125,177,1602470843775
-0.8626708984375,-0.396240234375,-0.091552734375,177,1602470843790
-0.85888671875,-0.3994140625,-0.1072998046875,178,1602470843797
-0.867431640625,-0.453857421875,-0.157470703125,178,1602470843805
-0.8311767578125,-0.5396728515625,-0.19091796875,178,1602470843820
-0.82373046875,-0.5716552734375,-0.2249755859375,178,1602470843827
-0.810302734375,-0.513671875,-0.19873046875,179,1602470843835
-0.83544921875,-0.431884765625,-0.1522216796875,179,1602470843850
-0.9447021484375,-0.40234375,-0.1484375,179,1602470843857
-0.9805908203125,-0.4276123046875,-0.12646484375,180,1602470843865
-0.9306640625,-0.4793701171875,-0.101806640625,180,1602470843880
-0.8699951171875,-0.48974609375,-0.09423828125,180,1602470843887
-0.777587890625,-0.475341796875,-0.103515625,180,1602470843895
-0.7283935546875,-0.4544677734375,-0.1629638671875,181,1602470843910
-0.74560546875,-0.4237060546875,-0.1900634765625,181,1602470843917
-0.7991943359375,-0.39453125,-0.16064453125,181,1602470843925
-0.865478515625,-0.3963623046875,-0.1129150390625,182,1602470843940
-0.9410400390625,-0.414794921875,-0.1258544921875,182,1602470843947
-0.9853515625,-0.4287109375,-0.1591796875,182,1602470843955
-0.9857177734375,-0.461669921875,-0.1466064453125,183,1602470843970
-0.9854736328125,-0.5108642578125,-0.113037109375,183,1602470843977
-0.987548828125,-0.5205078125,-0.115478515625,183,1602470843985
-0.9481201171875,-0.5059814453125,-0.1888427734375,184,1602470844000
-0.89453125,-0.5142822265625,-0.2255859375,184,1602470844008
-0.9359130859375,-0.524658203125,-0.283447265625,184,1602470844015
-1.013427734375,-0.5252685546875,-0.224853515625,184,1602470844030
-1.0771484375,-0.5101318359375,-0.08056640625,185,1602470844037
-1.11181640625,-0.4522705078125,-0.05859375,185,1602470844045
-1.0345458984375,-0.386962890625,-0.0323486328125,185,1602470844060
-0.9317626953125,-0.368408203125,0.015625,186,1602470844067
-0.8304443359375,-0.387451171875,0.042724609375,186,1602470844075
-0.757568359375,-0.396484375,0.03955078125,186,1602470844090
-0.7564697265625,-0.3990478515625,0.048095703125,186,1602470844097
-0.763916015625,-0.4183349609375,0.047607421875,187,1602470844105
-0.8282470703125,-0.444580078125,0.0283203125,187,1602470844120
-0.90673828125,-0.449951171875,0.0283203125,187,1602470844127
-0.9345703125,-0.43408203125,0.03515625,188,1602470844135
-0.9268798828125,-0.4180908203125,-0.0220947265625,188,1602470844150
-0.884521484375,-0.4161376953125,-0.0478515625,188,1602470844157
-0.9010009765625,-0.428466796875,-0.03173828125,189,1602470844165
-0.9293212890625,-0.4515380859375,-0.0321044921875,189,1602470844180
-0.888671875,-0.47216796875,-0.01513671875,189,1602470844188
-0.8231201171875,-0.4732666015625,-0.0030517578125,189,1602470844195
-0.8033447265625,-0.4710693359375,-0.0357666015625,190,1602470844210
-0.824951171875,-0.497802734375,-0.0435791015625,190,1602470844217
-0.83740234375,-0.5213623046875,-0.0115966796875,190,1602470844225
-0.8333740234375,-0.46630859375,0.0233154296875,191,1602470844240
-0.830078125,-0.427734375,0.0147705078125,191,1602470844247
-0.9053955078125,-0.45166015625,-0.0123291015625,191,1602470844255
-0.9833984375,-0.4801025390625,-0.0008544921875,192,1602470844270
-1.0394287109375,-0.5072021484375,-0.0120849609375,192,1602470844277
-1.00830078125,-0.4952392578125,-0.0552978515625,192,1602470844285
-0.9384765625,-0.464599609375,-0.06201171875,193,1602470844300
-0.9320068359375,-0.4542236328125,-0.091064453125,193,1602470844307
-0.9471435546875,-0.4407958984375,-0.0745849609375,193,1602470844315
-0.9390869140625,-0.43505859375,-0.0361328125,193,1602470844330
-0.9114990234375,-0.4329833984375,-0.013916015625,194,1602470844337
-0.8800048828125,-0.4266357421875,-0.01513671875,194,1602470844345
-0.8978271484375,-0.4388427734375,-0.021484375,194,1602470844360
-0.87939453125,-0.4508056640625,-0.03857421875,195,1602470844368
-0.8538818359375,-0.440673828125,-0.088134765625,195,1602470844375
-0.85498046875,-0.4268798828125,-0.110595703125,195,1602470844390
-0.881103515625,-0.4464111328125,-0.10498046875,195,1602470844398
-0.9466552734375,-0.4744873046875,-0.0294189453125,196,1602470844405
-0.9825439453125,-0.4737548828125,0.0291748046875,196,1602470844420
-0.9656982421875,-0.434326171875,0.0489501953125,196,1602470844428
-0.9326171875,-0.4178466796875,0.0513916015625,197,1602470844435
-0.953369140625,-0.4615478515625,0.03759765625,197,1602470844450
-0.9849853515625,-0.4898681640625,0.0433349609375,197,1602470844457
-0.9222412109375,-0.464111328125,0.01806640625,197,1602470844465
-0.8128662109375,-0.441162109375,0.0389404296875,198,1602470844480
-0.7899169921875,-0.4302978515625,0.072265625,198,1602470844487
-0.900634765625,-0.4219970703125,0.0687255859375,198,1602470844495
-0.9661865234375,-0.403564453125,0.090576171875,199,1602470844510
-0.95361328125,-0.3829345703125,0.14501953125,199,1602470844517
-0.926513671875,-0.380615234375,0.1676025390625,199,1602470844525
-0.896484375,-0.419677734375,0.1446533203125,200,1602470844540
-0.8817138671875,-0.4466552734375,0.1075439453125,200,1602470844547
-0.889404296875,-0.43896484375,0.1019287109375,200,1602470844555
-0.9146728515625,-0.4290771484375,0.1220703125,201,1602470844570
-0.9986572265625,-0.4224853515625,0.1732177734375,201,1602470844578
-1.112548828125,-0.4033203125,0.19873046875,201,1602470844585
-1.237548828125,-0.408447265625,0.2322998046875,201,1602470844592
-1.2257080078125,-0.412841796875,0.2412109375,202,1602470844608
-0.961669921875,-0.429931640625,0.2476806640625,202,1602470844615
-0.789306640625,-0.4381103515625,0.294189453125,202,1602470844623
-0.730224609375,-0.44189453125,0.3095703125,203,1602470844637
-0.6517333984375,-0.4534912109375,0.341064453125,203,1602470844645
-0.6778564453125,-0.44970703125,0.4588623046875,203,1602470844652
-0.84130859375,-0.419677734375,0.4542236328125,203,1602470844668
-1.1038818359375,-0.4276123046875,0.4267578125,204,1602470844675
-1.177001953125,-0.468505859375,0.41552734375,204,1602470844682
-0.9425048828125,-0.5184326171875,0.363525390625,204,1602470844697
-0.6195068359375,-0.5374755859375,0.3056640625,205,1602470844705
-0.5087890625,-0.4854736328125,0.26025390625,205,1602470844712
-0.7225341796875,-0.435302734375,0.3404541015625,205,1602470844728
-0.8018798828125,-0.486572265625,0.4073486328125,206,1602470844735
-0.825439453125,-0.495361328125,0.430419921875,206,1602470844742
-0.9112548828125,-0.3865966796875,0.49365234375,206,1602470844757
-0.844970703125,-0.316162109375,0.58349609375,206,1602470844765
-0.828857421875,-0.2978515625,0.641845703125,207,1602470844772
-0.956298828125,-0.2734375,0.708740234375,207,1602470844787
-1.131103515625,-0.3114013671875,0.7052001953125,207,1602470844795
-1.0498046875,-0.3758544921875,0.6923828125,208,1602470844802
-0.8424072265625,-0.3656005859375,0.761474609375,208,1602470844817
-0.705078125,-0.2979736328125,0.8115234375,208,1602470844825
-0.6845703125,-0.2757568359375,0.72265625,208,1602470844832
-0.8868408203125,-0.2899169921875,0.536865234375,209,1602470844847
-0.9736328125,-0.2900390625,0.4425048828125,209,1602470844855
-0.8433837890625,-0.3363037109375,0.36767578125,209,1602470844862
-0.822265625,-0.4462890625,0.3553466796875,210,1602470844877
-0.8680419921875,-0.53369140625,0.357666015625,210,1602470844885
-0.8023681640625,-0.59521484375,0.3748779296875,210,1602470844892
-0.7291259765625,-0.604248046875,0.370849609375,211,1602470844907
-0.6767578125,-0.5352783203125,0.3515625,211,1602470844915
-0.6190185546875,-0.4547119140625,0.3792724609375,211,1602470844922
-0.5245361328125,-0.4530029296875,0.43603515625,212,1602470844937
-0.4669189453125,-0.523681640625,0.464599609375,212,1602470844945
-0.482666015625,-0.6424560546875,0.4434814453125,212,1602470844952
-0.4649658203125,-0.7049560546875,0.4075927734375,213,1602470844975
-0.3948974609375,-0.679931640625,0.409912109375,213,1602470844983
-0.2802734375,-0.6219482421875,0.3646240234375,213,1602470844990
-0.1563720703125,-0.5084228515625,0.3907470703125,213,1602470844998
-0.0516357421875,-0.4293212890625,0.5025634765625,214,1602470845005
-0.00439453125,-0.442138671875,0.563720703125,214,1602470845013
-0.0023193359375,-0.479248046875,0.5748291015625,214,1602470845028
-0.059814453125,-0.52197265625,0.6597900390625,214,1602470845035
-0.1539306640625,-0.5697021484375,0.6685791015625,215,1602470845043
-0.275634765625,-0.544677734375,0.630615234375,215,1602470845058
-0.384765625,-0.5849609375,0.63525390625,215,1602470845065
-0.4051513671875,-0.6160888671875,0.6195068359375,216,1602470845072
-0.468994140625,-0.554443359375,0.647216796875,216,1602470845087
-0.581298828125,-0.5054931640625,0.6534423828125,216,1602470845095
-0.6046142578125,-0.5731201171875,0.680908203125,217,1602470845102
-0.533203125,-0.662841796875,0.7117919921875,217,1602470845117
-0.4595947265625,-0.701416015625,0.8084716796875,217,1602470845125
-0.4212646484375,-0.7000732421875,0.952392578125,217,1602470845133
-0.458740234375,-0.6982421875,0.9532470703125,218,1602470845147
-0.4696044921875,-0.72314453125,0.9180908203125,218,1602470845155
-0.4674072265625,-0.7374267578125,0.8411865234375,218,1602470845162
-0.431884765625,-0.673828125,0.786376953125,219,1602470845178
-0.3465576171875,-0.63720703125,0.738525390625,219,1602470845185
-0.2213134765625,-0.582275390625,0.5780029296875,219,1602470845193
-0.1171875,-0.6572265625,0.615966796875,220,1602470845208
-0.1873779296875,-0.7393798828125,0.8082275390625,220,1602470845215
-0.4215087890625,-0.7119140625,0.9189453125,220,1602470845223
-0.6097412109375,-0.6949462890625,0.9351806640625,221,1602470845238
-0.549560546875,-0.637451171875,0.9473876953125,221,1602470845245
-0.281982421875,-0.4805908203125,0.937255859375,221,1602470845252
-0.15478515625,-0.42236328125,1.0133056640625,221,1602470845267
-0.2945556640625,-0.484375,0.9888916015625,222,1602470845275
-0.52685546875,-0.5946044921875,0.86669921875,222,1602470845282
-0.5335693359375,-0.6795654296875,0.7642822265625,222,1602470845297
-0.3753662109375,-0.6898193359375,0.7548828125,223,1602470845305
-0.243896484375,-0.6341552734375,0.7783203125,223,1602470845312
-0.195068359375,-0.5670166015625,0.7861328125,223,1602470845327
-0.2265625,-0.5511474609375,0.7998046875,223,1602470845335
-0.353515625,-0.5804443359375,0.7994384765625,224,1602470845342
-0.6536865234375,-0.6090087890625,0.686767578125,224,1602470845357
-0.995361328125,-0.626220703125,0.523193359375,224,1602470845365
-1.2115478515625,-0.65576171875,0.363525390625,225,1602470845372
-1.267822265625,-0.703125,0.265869140625,225,1602470845387
-1.205810546875,-0.7099609375,0.23583984375,225,1602470845395
-1.0438232421875,-0.681884765625,0.2581787109375,225,1602470845403
-0.87060546875,-0.6392822265625,0.32177734375,226,1602470845418
-0.819580078125,-0.5672607421875,0.3878173828125,226,1602470845425
-0.849365234375,-0.47119140625,0.4346923828125,226,1602470845433
-0.8955078125,-0.405029296875,0.4349365234375,227,1602470845448
-0.896484375,-0.403564453125,0.369140625,227,1602470845455
-0.86083984375,-0.43017578125,0.3067626953125,227,1602470845463
-0.7679443359375,-0.4293212890625,0.29638671875,228,1602470845478
-0.697021484375,-0.39501953125,0.362060546875,228,1602470845485
-0.7279052734375,-0.3531494140625,0.4547119140625,228,1602470845493
-0.8231201171875,-0.3321533203125,0.46728515625,229,1602470845508
-0.8790283203125,-0.3387451171875,0.4227294921875,229,1602470845515
-0.8359375,-0.3353271484375,0.3668212890625,229,1602470845523
-0.7171630859375,-0.312744140625,0.335205078125,230,1602470845538
-0.6312255859375,-0.278564453125,0.30517578125,230,1602470845545
-0.60107421875,-0.2386474609375,0.32275390625,230,1602470845552
-0.66162109375,-0.1981201171875,0.4071044921875,230,1602470845568
-0.770751953125,-0.1669921875,0.4454345703125,231,1602470845575
-0.8768310546875,-0.161376953125,0.43994140625,231,1602470845583
-0.88427734375,-0.17822265625,0.4051513671875,231,1602470845598
-0.8297119140625,-0.215087890625,0.3671875,232,1602470845605
-0.785400390625,-0.265625,0.2939453125,232,1602470845613
-0.81201171875,-0.321533203125,0.1964111328125,232,1602470845628
-0.8446044921875,-0.35986328125,0.1461181640625,232,1602470845635
-0.8553466796875,-0.3577880859375,0.1937255859375,233,1602470845643
-0.868896484375,-0.3404541015625,0.220703125,233,1602470845658
-0.94970703125,-0.341064453125,0.2139892578125,233,1602470845665
-1.0140380859375,-0.3570556640625,0.199462890625,234,1602470845673
-1.0504150390625,-0.38330078125,0.18017578125,234,1602470845680
-1.08251953125,-0.400390625,0.1597900390625,234,1602470845695
-1.0899658203125,-0.418212890625,0.1231689453125,234,1602470845703
-1.0482177734375,-0.4263916015625,0.11328125,235,1602470845710
-0.966796875,-0.4072265625,0.153076171875,235,1602470845725
-0.9178466796875,-0.4051513671875,0.1484375,235,1602470845733
-0.9188232421875,-0.418212890625,0.169921875,236,1602470845740
-0.9119873046875,-0.42333984375,0.1773681640625,236,1602470845755
-0.913330078125,-0.4248046875,0.1651611328125,236,1602470845763
-0.942138671875,-0.422607421875,0.12158203125,236,1602470845770
-1.0040283203125,-0.4219970703125,0.0919189453125,237,1602470845785
-1.0167236328125,-0.43701171875,0.09423828125,237,1602470845793
-0.981201171875,-0.4638671875,0.0653076171875,237,1602470845800
-0.9837646484375,-0.475830078125,0.0706787109375,238,1602470845815
-0.9229736328125,-0.4420166015625,0.1072998046875,238,1602470845823
-0.907958984375,-0.4276123046875,0.1197509765625,238,1602470845830
-0.9345703125,-0.4393310546875,0.11962890625,239,1602470845845
-0.877197265625,-0.4554443359375,0.1217041015625,239,1602470845853
-0.8392333984375,-0.46240234375,0.1124267578125,239,1602470845860
-0.8541259765625,-0.4447021484375,0.099365234375,240,1602470845875
-0.8564453125,-0.4217529296875,0.109130859375,240,1602470845883
-0.8778076171875,-0.415771484375,0.1190185546875,240,1602470845890
-0.92822265625,-0.4222412109375,0.12939453125,241,1602470845905
-0.96923828125,-0.419677734375,0.135498046875,241,1602470845913
-1.0009765625,-0.4150390625,0.1251220703125,241,1602470845920
-1.0286865234375,-0.4305419921875,0.123779296875,241,1602470845935
-0.989990234375,-0.441162109375,0.156494140625,242,1602470845943
-0.908935546875,-0.459716796875,0.1378173828125,242,1602470845950
-0.8592529296875,-0.4642333984375,0.1107177734375,242,1602470845965
-0.8177490234375,-0.44970703125,0.08349609375,243,1602470845973
-0.805419921875,-0.4586181640625,0.0491943359375,243,1602470845980
-0.876220703125,-0.481689453125,0.052978515625,243,1602470845995
-0.952880859375,-0.5040283203125,0.0609130859375,243,1602470846003
-1.0321044921875,-0.51318359375,0.08447265625,244,1602470846010
-1.0899658203125,-0.477783203125,0.1058349609375,244,1602470846025
-1.08984375,-0.460693359375,0.10986328125,244,1602470846033
-1.0166015625,-0.479248046875,0.1251220703125,244,1602470846040
-0.9036865234375,-0.4871826171875,0.1275634765625,245,1602470846055
-0.83203125,-0.4666748046875,0.1383056640625,245,1602470846063
-0.8216552734375,-0.4559326171875,0.1314697265625,245,1602470846070
-0.85693359375,-0.47216796875,0.126953125,246,1602470846085
-0.92529296875,-0.482666015625,0.1522216796875,246,1602470846093
-1.0001220703125,-0.49072265625,0.152099609375,246,1602470846100
-1.038330078125,-0.486083984375,0.152099609375,247,1602470846115
-1.028076171875,-0.4742431640625,0.14990234375,247,1602470846123
-1.01416015625,-0.481201171875,0.1810302734375,247,1602470846130
-0.9459228515625,-0.5106201171875,0.2406005859375,248,1602470846145
-0.7987060546875,-0.512939453125,0.316162109375,248,1602470846153
-0.6417236328125,-0.474365234375,0.3890380859375,248,1602470846160
-0.750732421875,-0.4617919921875,0.4554443359375,249,1602470846175
-0.829833984375,-0.487060546875,0.493896484375,249,1602470846183
-0.5819091796875,-0.4854736328125,0.460693359375,249,1602470846190
-0.45458984375,-0.484130859375,0.480712890625,249,1602470846205
-0.5216064453125,-0.4749755859375,0.4847412109375,250,1602470846213
-0.696533203125,-0.48876953125,0.4534912109375,250,1602470846220
-0.8358154296875,-0.5367431640625,0.4254150390625,250,1602470846235
-0.862548828125,-0.5615234375,0.426513671875,251,1602470846243
-0.76123046875,-0.5457763671875,0.4598388671875,251,1602470846250
-0.623779296875,-0.5059814453125,0.5035400390625,251,1602470846265
-0.5211181640625,-0.464599609375,0.5228271484375,252,1602470846275
-0.5155029296875,-0.4307861328125,0.5025634765625,252,1602470846280
-0.613525390625,-0.4295654296875,0.5474853515625,252,1602470846295
-0.6943359375,-0.4541015625,0.5889892578125,252,1602470846303
-0.7100830078125,-0.479248046875,0.5758056640625,253,1602470846310
-0.701904296875,-0.4998779296875,0.5975341796875,253,1602470846325
-0.6524658203125,-0.5054931640625,0.6630859375,253,1602470846333
-0.6533203125,-0.48779296875,0.6273193359375,254,1602470846340
-0.7086181640625,-0.49072265625,0.57861328125,254,1602470846363
-0.648193359375,-0.4981689453125,0.5618896484375,254,1602470846370
-0.6219482421875,-0.50341796875,0.57666015625,255,1602470846378
-0.5794677734375,-0.4749755859375,0.609375,255,1602470846385
-0.600341796875,-0.4451904296875,0.64208984375,255,1602470846393
-0.6895751953125,-0.4710693359375,0.6715087890625,255,1602470846400
-0.676025390625,-0.5059814453125,0.650146484375,256,1602470846415
-0.6380615234375,-0.548095703125,0.5963134765625,256,1602470846423
-0.5914306640625,-0.5665283203125,0.474609375,256,1602470846430
-0.549560546875,-0.5445556640625,0.5286865234375,257,1602470846445
-0.4937744140625,-0.489990234375,0.65771484375,257,1602470846453
-0.5362548828125,-0.465087890625,0.6727294921875,257,1602470846460
-0.60400390625,-0.4705810546875,0.66064453125,258,1602470846475
-0.637451171875,-0.4923095703125,0.6746826171875,258,1602470846483
-0.6280517578125,-0.5,0.6666259765625,258,1602470846490
-0.626953125,-0.467041015625,0.645263671875,258,1602470846505
-0.6639404296875,-0.43798828125,0.60400390625,259,1602470846513
-0.67236328125,-0.4461669921875,0.572509765625,259,1602470846520
-0.6776123046875,-0.484375,0.541259765625,259,1602470846535
-0.7122802734375,-0.5125732421875,0.535888671875,260,1602470846543
-0.7705078125,-0.514404296875,0.5291748046875,260,1602470846550
-0.812255859375,-0.5042724609375,0.5269775390625,260,1602470846565
-0.7725830078125,-0.4617919921875,0.54052734375,260,1602470846573
-0.699951171875,-0.4171142578125,0.5687255859375,261,1602470846580
-0.6771240234375,-0.4207763671875,0.6055908203125,261,1602470846595
-0.6767578125,-0.4417724609375,0.596435546875,261,1602470846603
-0.6953125,-0.47705078125,0.5552978515625,262,1602470846610
-0.7041015625,-0.5203857421875,0.4605712890625,262,1602470846625
-0.803466796875,-0.529296875,0.39990234375,262,1602470846633
-0.7984619140625,-0.445068359375,0.5338134765625,263,1602470846641
-0.875244140625,-0.4307861328125,0.6033935546875,263,1602470846655
-1.00390625,-0.478271484375,0.513427734375,263,1602470846663
-0.940185546875,-0.47509765625,0.4801025390625,263,1602470846670
-0.7369384765625,-0.453857421875,0.5377197265625,264,1602470846685
-0.61474609375,-0.44580078125,0.595703125,264,1602470846693
-0.611572265625,-0.4451904296875,0.5888671875,264,1602470846700
-0.671142578125,-0.47509765625,0.5987548828125,265,1602470846715
-0.6490478515625,-0.48486328125,0.6307373046875,265,1602470846723
-0.5882568359375,-0.4716796875,0.6490478515625,265,1602470846730
-0.6121826171875,-0.4564208984375,0.63427734375,266,1602470846745
-0.673095703125,-0.4561767578125,0.578369140625,266,1602470846753
-0.6875,-0.4566650390625,0.536376953125,266,1602470846760
-0.7080078125,-0.4552001953125,0.5289306640625,266,1602470846768
-0.7303466796875,-0.4781494140625,0.52587890625,267,1602470846783
-0.7493896484375,-0.501953125,0.5225830078125,267,1602470846790
-0.7196044921875,-0.4857177734375,0.5296630859375,267,1602470846798
-0.7100830078125,-0.4755859375,0.517333984375,268,1602470846813
-0.716552734375,-0.4986572265625,0.49853515625,268,1602470846820
-0.6795654296875,-0.5106201171875,0.4794921875,268,1602470846828
-0.6597900390625,-0.5009765625,0.5191650390625,269,1602470846843
-0.6771240234375,-0.4739990234375,0.5765380859375,269,1602470846850
-0.68994140625,-0.4593505859375,0.5775146484375,269,1602470846858
-0.7099609375,-0.475341796875,0.552978515625,269,1602470846873
-0.7095947265625,-0.4892578125,0.544921875,270,1602470846880
-0.708984375,-0.4910888671875,0.5477294921875,270,1602470846888
-0.7183837890625,-0.4971923828125,0.5615234375,270,1602470846903
-0.7181396484375,-0.5113525390625,0.5465087890625,271,1602470846910
-0.7137451171875,-0.5169677734375,0.523193359375,271,1602470846918
-0.7017822265625,-0.5113525390625,0.505615234375,271,1602470846933
-0.6905517578125,-0.4954833984375,0.506591796875,271,1602470846940
-0.7144775390625,-0.4727783203125,0.519287109375,272,1602470846948
-0.76904296875,-0.477294921875,0.531005859375,272,1602470846963
-0.7791748046875,-0.481201171875,0.5328369140625,272,1602470846970
-0.738037109375,-0.453125,0.539794921875,273,1602470846978
-0.6673583984375,-0.43994140625,0.6048583984375,273,1602470846993
-0.634033203125,-0.453125,0.607421875,273,1602470847000
-0.6839599609375,-0.4930419921875,0.5755615234375,273,1602470847008
-0.6824951171875,-0.5279541015625,0.5511474609375,274,1602470847023
-0.6556396484375,-0.53662109375,0.5291748046875,274,1602470847030
-0.68505859375,-0.51806640625,0.51513671875,274,1602470847038
-0.7098388671875,-0.483154296875,0.5345458984375,275,1602470847053
-0.717041015625,-0.4586181640625,0.5853271484375,275,1602470847060
-0.7490234375,-0.45068359375,0.63525390625,275,1602470847068
-0.7574462890625,-0.456298828125,0.5946044921875,276,1602470847083
-0.7506103515625,-0.500732421875,0.5235595703125,276,1602470847090
-0.720703125,-0.5411376953125,0.4974365234375,276,1602470847098
-0.6578369140625,-0.529541015625,0.4993896484375,277,1602470847113
-0.6239013671875,-0.51513671875,0.468017578125,277,1602470847120
-0.6424560546875,-0.5218505859375,0.4443359375,277,1602470847128
-0.6798095703125,-0.5308837890625,0.4361572265625,277,1602470847143
-0.6864013671875,-0.5267333984375,0.434814453125,278,1602470847150
-0.6988525390625,-0.4984130859375,0.4761962890625,278,1602470847158
-0.76416015625,-0.467041015625,0.5521240234375,278,1602470847173
-0.8226318359375,-0.45947265625,0.5897216796875,279,1602470847180
-0.8375244140625,-0.4814453125,0.583984375,279,1602470847188
-0.821044921875,-0.50048828125,0.55908203125,279,1602470847203
-0.7296142578125,-0.501220703125,0.54296875,280,1602470847210
-0.60205078125,-0.49072265625,0.584228515625,280,1602470847218
-0.550048828125,-0.4697265625,0.6273193359375,280,1602470847233
-0.59033203125,-0.4434814453125,0.599853515625,280,1602470847240
-0.6683349609375,-0.4794921875,0.5975341796875,281,1602470847248
-0.7274169921875,-0.5230712890625,0.60791015625,281,1602470847263
-0.770263671875,-0.5162353515625,0.5828857421875,281,1602470847270
-0.7489013671875,-0.4814453125,0.5921630859375,282,1602470847278
-0.6876220703125,-0.4752197265625,0.5853271484375,282,1602470847293
-0.6629638671875,-0.5128173828125,0.5640869140625,282,1602470847300
-0.5997314453125,-0.5308837890625,0.59130859375,282,1602470847308
-0.5072021484375,-0.5106201171875,0.6417236328125,283,1602470847323
-0.416259765625,-0.4814453125,0.689453125,283,1602470847330
-0.408935546875,-0.4697265625,0.7275390625,283,1602470847338
-0.4385986328125,-0.475341796875,0.718994140625,284,1602470847353
-0.492431640625,-0.4925537109375,0.692626953125,284,1602470847360
-0.5413818359375,-0.4991455078125,0.7315673828125,284,1602470847368
-0.5504150390625,-0.4815673828125,0.7911376953125,285,1602470847383
-0.5126953125,-0.4671630859375,0.7943115234375,285,1602470847390
-0.5028076171875,-0.4813232421875,0.764892578125,285,1602470847398
-0.5164794921875,-0.516845703125,0.7174072265625,286,1602470847413
-0.4962158203125,-0.537353515625,0.7041015625,286,1602470847420
-0.437744140625,-0.5025634765625,0.7108154296875,286,1602470847428
-0.426513671875,-0.4744873046875,0.718017578125,286,1602470847443
-0.4561767578125,-0.4696044921875,0.7403564453125,287,1602470847450
-0.49462890625,-0.4664306640625,0.72509765625,287,1602470847458
-0.5576171875,-0.45849609375,0.73095703125,287,1602470847473
-0.6339111328125,-0.4375,0.7467041015625,288,1602470847480
-0.6527099609375,-0.4276123046875,0.771240234375,288,1602470847488
-0.642822265625,-0.4346923828125,0.72705078125,288,1602470847503
-0.6541748046875,-0.464599609375,0.6444091796875,288,1602470847510
-0.6884765625,-0.4908447265625,0.6031494140625,289,1602470847518
-0.736083984375,-0.4986572265625,0.5970458984375,289,1602470847533
-0.74560546875,-0.4903564453125,0.5927734375,289,1602470847540
-0.7125244140625,-0.49951171875,0.59716796875,290,1602470847548
-0.659912109375,-0.4986572265625,0.6026611328125,290,1602470847563
-0.622802734375,-0.485595703125,0.585205078125,290,1602470847570
-0.6126708984375,-0.4822998046875,0.5738525390625,291,1602470847578
-0.6343994140625,-0.4822998046875,0.597900390625,291,1602470847593
-0.6680908203125,-0.4793701171875,0.634765625,291,1602470847600
-0.6904296875,-0.4849853515625,0.647216796875,291,1602470847608
-0.6817626953125,-0.4935302734375,0.62939453125,292,1602470847623
-0.6630859375,-0.5032958984375,0.6239013671875,292,1602470847630
-0.615478515625,-0.5101318359375,0.63818359375,292,1602470847638
-0.596923828125,-0.5081787109375,0.6434326171875,293,1602470847653
-0.62060546875,-0.506103515625,0.635986328125,293,1602470847660
-0.5946044921875,-0.507568359375,0.62255859375,293,1602470847668
-0.505859375,-0.508056640625,0.589599609375,294,1602470847683
-0.4720458984375,-0.481201171875,0.5596923828125,294,1602470847690
-0.595947265625,-0.4417724609375,0.5517578125,294,1602470847698
-0.7568359375,-0.4547119140625,0.52783203125,294,1602470847713
-0.8292236328125,-0.5145263671875,0.5130615234375,295,1602470847720
-0.8133544921875,-0.5479736328125,0.5013427734375,295,1602470847728
-0.7598876953125,-0.5283203125,0.5159912109375,295,1602470847743
-0.703369140625,-0.4949951171875,0.5223388671875,296,1602470847750
-0.6949462890625,-0.472900390625,0.531005859375,296,1602470847758
-0.6676025390625,-0.4588623046875,0.5560302734375,296,1602470847773
-0.65087890625,-0.46728515625,0.5675048828125,297,1602470847780
-0.67333984375,-0.4810791015625,0.5511474609375,297,1602470847788
-0.69140625,-0.4937744140625,0.5224609375,297,1602470847803
-0.7110595703125,-0.5074462890625,0.501708984375,297,1602470847810
-0.7413330078125,-0.5164794921875,0.497314453125,298,1602470847818
-0.7491455078125,-0.5145263671875,0.5047607421875,298,1602470847833
-0.70849609375,-0.5086669921875,0.535400390625,298,1602470847840
-0.630859375,-0.49365234375,0.5594482421875,299,1602470847848
-0.5958251953125,-0.4749755859375,0.5794677734375,299,1602470847855
-0.6627197265625,-0.4656982421875,0.4833984375,299,1602470847870
-0.8409423828125,-0.4798583984375,0.408447265625,299,1602470847878
-0.8385009765625,-0.5240478515625,0.4149169921875,300,1602470847885
-0.826904296875,-0.556640625,0.343505859375,300,1602470847900
-0.8204345703125,-0.495849609375,0.3624267578125,300,1602470847908
-0.7349853515625,-0.44677734375,0.3865966796875,301,1602470847915
-0.778076171875,-0.4697265625,0.3975830078125,301,1602470847930
-0.8360595703125,-0.48876953125,0.398193359375,301,1602470847938
-0.8343505859375,-0.4967041015625,0.3858642578125,302,1602470847945
-0.8837890625,-0.4940185546875,0.3680419921875,302,1602470847960
-0.9307861328125,-0.4757080078125,0.3787841796875,302,1602470847968
-0.9195556640625,-0.46044921875,0.4049072265625,302,1602470847975
-0.902587890625,-0.4610595703125,0.4154052734375,303,1602470847990
-0.872802734375,-0.47314453125,0.4111328125,303,1602470847998
-0.8258056640625,-0.4859619140625,0.419189453125,303,1602470848005
-0.801025390625,-0.49560546875,0.4061279296875,304,1602470848020
-0.8170166015625,-0.5050048828125,0.3743896484375,304,1602470848028
-0.814697265625,-0.504638671875,0.374755859375,304,1602470848035
-0.8231201171875,-0.4989013671875,0.3917236328125,305,1602470848050
-0.9307861328125,-0.5087890625,0.4173583984375,305,1602470848058
-0.90576171875,-0.5130615234375,0.4564208984375,305,1602470848065
-0.7552490234375,-0.480712890625,0.496337890625,305,1602470848080
-0.670166015625,-0.4332275390625,0.6103515625,306,1602470848088
-0.64013671875,-0.4576416015625,0.4381103515625,306,1602470848095
-0.70361328125,-0.5421142578125,0.452392578125,306,1602470848110
-0.4459228515625,-0.464599609375,0.572509765625,307,1602470848118
-0.2791748046875,-0.4278564453125,0.683837890625,307,1602470848125
-0.3260498046875,-0.4146728515625,0.7606201171875,307,1602470848140
-0.4017333984375,-0.417236328125,0.8104248046875,307,1602470848148
-0.5611572265625,-0.4793701171875,0.75927734375,308,1602470848155
-0.730712890625,-0.53369140625,0.6190185546875,308,1602470848170
-0.8419189453125,-0.553955078125,0.5189208984375,308,1602470848178
-0.7794189453125,-0.5496826171875,0.5057373046875,309,1602470848185
-0.6064453125,-0.5054931640625,0.61328125,309,1602470848200
-0.5472412109375,-0.4534912109375,0.6619873046875,309,1602470848208
-0.6611328125,-0.423095703125,0.70263671875,310,1602470848215
-0.64990234375,-0.401123046875,0.7388916015625,310,1602470848230
-0.494140625,-0.4178466796875,0.78955078125,310,1602470848238
-0.2747802734375,-0.4539794921875,0.8275146484375,310,1602470848245
-0.225830078125,-0.44921875,0.83984375,311,1602470848260
-0.3680419921875,-0.43359375,0.8231201171875,311,1602470848268
-0.51220703125,-0.4537353515625,0.8001708984375,311,1602470848275
-0.501708984375,-0.4901123046875,0.811767578125,312,1602470848290
-0.4620361328125,-0.4881591796875,0.8463134765625,312,1602470848298
-0.469482421875,-0.4453125,0.8486328125,312,1602470848305
-0.49609375,-0.431396484375,0.7818603515625,313,1602470848320
-0.540771484375,-0.4586181640625,0.7261962890625,313,1602470848328
-0.5654296875,-0.4742431640625,0.7086181640625,313,1602470848335
-0.52587890625,-0.4580078125,0.7088623046875,314,1602470848350
-0.4827880859375,-0.44287109375,0.7569580078125,314,1602470848358
-0.4371337890625,-0.449951171875,0.7745361328125,314,1602470848365
-0.3802490234375,-0.4522705078125,0.7637939453125,315,1602470848380
-0.4227294921875,-0.4505615234375,0.813720703125,315,1602470848388
-0.57666015625,-0.4627685546875,0.76904296875,315,1602470848395
-0.6923828125,-0.4849853515625,0.750244140625,315,1602470848410
-0.6011962890625,-0.4554443359375,0.8671875,316,1602470848418
-0.525634765625,-0.5283203125,0.610595703125,316,1602470848425
-0.837890625,-0.56298828125,0.5960693359375,316,1602470848440
-0.736328125,-0.4805908203125,0.717041015625,316,1602470848448
-0.3134765625,-0.433349609375,0.793701171875,317,1602470848455
-0.2950439453125,-0.435546875,0.7783203125,317,1602470848470
-0.510986328125,-0.3603515625,0.7254638671875,317,1602470848478
-0.6199951171875,-0.39794921875,0.70556640625,318,1602470848485
-0.5806884765625,-0.4749755859375,0.7445068359375,318,1602470848500
-0.479248046875,-0.426025390625,0.77490234375,318,1602470848508
-0.42138671875,-0.385009765625,0.7869873046875,318,1602470848515
-0.435546875,-0.4246826171875,0.7833251953125,319,1602470848530
-0.4954833984375,-0.4656982421875,0.7479248046875,319,1602470848538
-0.5244140625,-0.4969482421875,0.7109375,319,1602470848545
-0.5032958984375,-0.50634765625,0.68017578125,320,1602470848560
-0.4970703125,-0.4896240234375,0.691162109375,320,1602470848568
-0.546142578125,-0.478271484375,0.7047119140625,320,1602470848575
-0.58349609375,-0.4892578125,0.6937255859375,321,1602470848590
-0.5777587890625,-0.4940185546875,0.7119140625,321,1602470848598
-0.558837890625,-0.4815673828125,0.73583984375,321,1602470848605
-0.5538330078125,-0.479736328125,0.75439453125,322,1602470848620
-0.536376953125,-0.4757080078125,0.7877197265625,322,1602470848628
-0.507080078125,-0.4390869140625,0.829833984375,322,1602470848635
-0.508056640625,-0.3941650390625,0.859619140625,323,1602470848650
-0.5419921875,-0.391357421875,0.83056640625,323,1602470848658
-0.5943603515625,-0.42333984375,0.75830078125,323,1602470848665
-0.6265869140625,-0.4443359375,0.7081298828125,324,1602470848681
-0.592041015625,-0.46728515625,0.7349853515625,324,1602470848688
-0.4952392578125,-0.4930419921875,0.74267578125,324,1602470848695
-0.3603515625,-0.450927734375,0.82275390625,324,1602470848710
-0.2042236328125,-0.3896484375,0.8941650390625,325,1602470848720
-0.28662109375,-0.3621826171875,0.821533203125,325,1602470848725
-0.5311279296875,-0.3934326171875,0.6761474609375,325,1602470848740
-0.7677001953125,-0.4864501953125,0.421630859375,325,1602470848748
-0.8428955078125,-0.59326171875,0.302490234375,326,1602470848755
-0.74658203125,-0.654296875,0.338623046875,326,1602470848770
-0.661376953125,-0.640869140625,0.4144287109375,326,1602470848778
-0.629638671875,-0.55615234375,0.44970703125,327,1602470848785
-0.6680908203125,-0.4832763671875,0.5289306640625,327,1602470848800
-0.66015625,-0.470458984375,0.6663818359375,327,1602470848808
-0.66259765625,-0.4566650390625,0.5946044921875,327,1602470848815
-0.8656005859375,-0.4501953125,0.4560546875,328,1602470848830
-1.0977783203125,-0.4970703125,0.3814697265625,328,1602470848838
-1.091064453125,-0.5400390625,0.3218994140625,328,1602470848845
-0.87890625,-0.51123046875,0.3804931640625,329,1602470848860
-0.6671142578125,-0.44140625,0.4808349609375,329,1602470848868
-0.5450439453125,-0.412841796875,0.5443115234375,329,1602470848875
-0.556396484375,-0.4398193359375,0.4998779296875,330,1602470848890
-0.702392578125,-0.4346923828125,0.4423828125,330,1602470848898
-0.85498046875,-0.410888671875,0.4779052734375,330,1602470848905
-0.8411865234375,-0.4315185546875,0.546142578125,330,1602470848913
-0.6806640625,-0.4638671875,0.6002197265625,331,1602470848928
-0.68115234375,-0.4677734375,0.556884765625,331,1602470848935
-0.8575439453125,-0.4659423828125,0.47314453125,331,1602470848943
-0.8822021484375,-0.5076904296875,0.4351806640625,332,1602470848958
-0.7642822265625,-0.5382080078125,0.4591064453125,332,1602470848965
-0.66748046875,-0.5006103515625,0.49755859375,332,1602470848973
-0.64013671875,-0.4576416015625,0.50732421875,333,1602470848988
-0.6756591796875,-0.4493408203125,0.526123046875,333,1602470848995
-0.7083740234375,-0.4395751953125,0.555419921875,333,1602470849003
-0.7703857421875,-0.431396484375,0.5130615234375,334,1602470849018
-0.7623291015625,-0.449462890625,0.452392578125,334,1602470849025
-0.6907958984375,-0.4713134765625,0.4168701171875,334,1602470849033
-0.74560546875,-0.476806640625,0.3822021484375,334,1602470849048
-0.86083984375,-0.469482421875,0.36181640625,335,1602470849055
-0.955078125,-0.408447265625,0.36083984375,335,1602470849063
-0.9822998046875,-0.37646484375,0.3782958984375,335,1602470849078
-0.9439697265625,-0.3792724609375,0.3817138671875,336,1602470849085
-0.91552734375,-0.3953857421875,0.3140869140625,336,1602470849093
-0.927978515625,-0.4285888671875,0.2320556640625,336,1602470849108
-0.967529296875,-0.4942626953125,0.240966796875,336,1602470849115
-0.9547119140625,-0.533447265625,0.302978515625,337,1602470849123
-0.9766845703125,-0.509765625,0.3656005859375,337,1602470849138
-0.9207763671875,-0.462158203125,0.38720703125,337,1602470849145
-0.79638671875,-0.4510498046875,0.2991943359375,338,1602470849153
-0.7044677734375,-0.4896240234375,0.248046875,338,1602470849168
-0.6248779296875,-0.4718017578125,0.3304443359375,338,1602470849175
-0.709228515625,-0.4261474609375,0.4503173828125,338,1602470849183
-0.9259033203125,-0.429443359375,0.503173828125,339,1602470849198
-1.0682373046875,-0.4866943359375,0.5264892578125,339,1602470849205
-0.9036865234375,-0.517333984375,0.5638427734375,339,1602470849213
-0.6678466796875,-0.514892578125,0.5023193359375,340,1602470849228
-0.5965576171875,-0.53564453125,0.41455078125,340,1602470849235
-0.5921630859375,-0.55615234375,0.4288330078125,340,1602470849243
-0.6123046875,-0.51123046875,0.4727783203125,341,1602470849258
-0.6915283203125,-0.452880859375,0.60009765625,341,1602470849265
-0.7120361328125,-0.405029296875,0.700439453125,341,1602470849273
-0.6136474609375,-0.3912353515625,0.7501220703125,342,1602470849288
-0.4927978515625,-0.39599609375,0.7825927734375,342,1602470849295
-0.4193115234375,-0.3856201171875,0.8072509765625,342,1602470849303
-0.3897705078125,-0.4044189453125,0.763427734375,343,1602470849318
-0.362548828125,-0.4659423828125,0.69287109375,343,1602470849325
-0.385498046875,-0.513671875,0.64013671875,343,1602470849333
-0.458740234375,-0.5042724609375,0.6280517578125,343,1602470849348
-0.4925537109375,-0.46533203125,0.61474609375,344,1602470849355
-0.546142578125,-0.428466796875,0.5958251953125,344,1602470849363
-0.658203125,-0.4163818359375,0.6175537109375,344,1602470849378
-0.759521484375,-0.448974609375,0.639404296875,345,1602470849385
-0.8018798828125,-0.4609375,0.640625,345,1602470849393
-0.7293701171875,-0.478759765625,0.73095703125,345,1602470849408
-0.555908203125,-0.4976806640625,0.6832275390625,345,1602470849415
-0.5194091796875,-0.449951171875,0.51708984375,346,1602470849423
-0.6778564453125,-0.413818359375,0.334228515625,346,1602470849438
-0.8682861328125,-0.471923828125,0.250732421875,346,1602470849445
-0.8973388671875,-0.537841796875,0.271240234375,347,1602470849453
-0.82373046875,-0.5574951171875,0.263427734375,347,1602470849468
-0.76416015625,-0.5306396484375,0.307373046875,347,1602470849475
-0.7706298828125,-0.5096435546875,0.2930908203125,347,1602470849483
-0.9163818359375,-0.510986328125,0.2137451171875,348,1602470849498
-1.040771484375,-0.5050048828125,0.198486328125,348,1602470849505
-0.980712890625,-0.5224609375,0.1824951171875,348,1602470849513
-0.96435546875,-0.52294921875,0.1668701171875,349,1602470849528
-1.0430908203125,-0.492919921875,0.173828125,349,1602470849535
-1.008544921875,-0.4754638671875,0.190673828125,349,1602470849543
-0.8709716796875,-0.4573974609375,0.2420654296875,350,1602470849558
-0.77294921875,-0.4346923828125,0.30859375,350,1602470849565
-0.746826171875,-0.3734130859375,0.478515625,350,1602470849573
-0.773681640625,-0.301025390625,0.5179443359375,351,1602470849588
-0.8197021484375,-0.3231201171875,0.49169921875,351,1602470849595
-0.8477783203125,-0.40087890625,0.473876953125,351,1602470849603
-0.9918212890625,-0.4605712890625,0.40966796875,351,1602470849618
-0.992919921875,-0.4632568359375,0.309326171875,352,1602470849625
-0.83642578125,-0.448486328125,0.2581787109375,352,1602470849633
-0.7308349609375,-0.4444580078125,0.2236328125,352,1602470849648
-0.7056884765625,-0.434326171875,0.2501220703125,353,1602470849655
-0.7354736328125,-0.4508056640625,0.21044921875,353,1602470849663
-0.756103515625,-0.455322265625,0.1239013671875,353,1602470849678
-0.84619140625,-0.441162109375,0.153076171875,354,1602470849685
-0.9473876953125,-0.437744140625,0.201171875,354,1602470849693
-1.0328369140625,-0.4495849609375,0.1802978515625,354,1602470849708
-1.093017578125,-0.4510498046875,0.131103515625,354,1602470849715
-1.0302734375,-0.4442138671875,0.10400390625,355,1602470849723
-0.93603515625,-0.46240234375,0.0537109375,355,1602470849738
-0.904541015625,-0.4764404296875,-0.0087890625,355,1602470849745
-0.8857421875,-0.454833984375,-0.0467529296875,356,1602470849753
-0.82177734375,-0.426513671875,-0.0533447265625,356,1602470849768
-0.8026123046875,-0.4337158203125,-0.07763671875,356,1602470849775
-0.9434814453125,-0.455322265625,-0.0638427734375,356,1602470849783
-1.0299072265625,-0.4569091796875,-0.0740966796875,357,1602470849798
-1.0372314453125,-0.441162109375,-0.05517578125,357,1602470849805
-1.0174560546875,-0.4429931640625,-0.006591796875,357,1602470849813
-0.937744140625,-0.4884033203125,-0.00537109375,358,1602470849828
-0.8218994140625,-0.529541015625,-0.0667724609375,358,1602470849843
-0.7099609375,-0.5047607421875,-0.155029296875,358,1602470849850
-0.6861572265625,-0.4539794921875,-0.095703125,359,1602470849858
-0.7435302734375,-0.465576171875,-0.0091552734375,359,1602470849865
-0.8994140625,-0.4827880859375,-0.0474853515625,359,1602470849873
-1.0020751953125,-0.4666748046875,-0.0074462890625,359,1602470849888
-1.0538330078125,-0.48388671875,0.0699462890625,360,1602470849895
-1.127197265625,-0.504638671875,0.067138671875,360,1602470849903
-1.093017578125,-0.4735107421875,0.07080078125,360,1602470849918
-0.871826171875,-0.4312744140625,0.111083984375,361,1602470849925
-0.6832275390625,-0.4283447265625,0.0908203125,361,1602470849933
-0.66748046875,-0.4298095703125,-0.03173828125,361,1602470849948
-0.7840576171875,-0.4046630859375,-0.0390625,362,1602470849955
-0.9349365234375,-0.4024658203125,0.0406494140625,362,1602470849963
-1.0699462890625,-0.4306640625,0.1180419921875,362,1602470849978
-1.1029052734375,-0.4183349609375,0.1416015625,362,1602470849985
-1.0509033203125,-0.3951416015625,0.0941162109375,363,1602470849993
-0.9676513671875,-0.39501953125,0.03271484375,363,1602470850000
-0.8817138671875,-0.414794921875,-0.04248046875,363,1602470850015
-0.81884765625,-0.4471435546875,-0.0799560546875,364,1602470850023
-0.8477783203125,-0.449462890625,-0.048828125,364,1602470850030
-0.9544677734375,-0.4473876953125,-0.0548095703125,364,1602470850045
-0.9969482421875,-0.4647216796875,-0.03515625,365,1602470850053
-0.976318359375,-0.467041015625,-0.0703125,365,1602470850060
-0.9586181640625,-0.4710693359375,-0.1065673828125,365,1602470850075
-0.928466796875,-0.4639892578125,-0.107177734375,365,1602470850083
-0.892822265625,-0.4478759765625,-0.1553955078125,366,1602470850090
-0.77978515625,-0.4713134765625,-0.1494140625,366,1602470850105
-0.7767333984375,-0.4569091796875,-0.181396484375,366,1602470850113
-0.90771484375,-0.464111328125,-0.184326171875,366,1602470850120
-0.948486328125,-0.5242919921875,-0.0775146484375,367,1602470850135
-0.962158203125,-0.5401611328125,-0.0494384765625,367,1602470850143
-0.88330078125,-0.470703125,-0.0196533203125,367,1602470850150
-0.801025390625,-0.37939453125,0.0782470703125,368,1602470850165
-0.8028564453125,-0.3876953125,0.0760498046875,368,1602470850173
-0.9300537109375,-0.4884033203125,-0.029541015625,368,1602470850180
-0.9805908203125,-0.57080078125,-0.0972900390625,369,1602470850195
-0.95361328125,-0.5748291015625,-0.0977783203125,369,1602470850203
-0.858642578125,-0.5213623046875,-0.09521484375,369,1602470850210
-0.844482421875,-0.502685546875,-0.06298828125,370,1602470850226
-0.8914794921875,-0.468017578125,-0.0706787109375,370,1602470850233
-0.92236328125,-0.4183349609375,-0.087646484375,370,1602470850240
-0.907470703125,-0.435791015625,-0.062255859375,370,1602470850255
-0.8736572265625,-0.462646484375,-0.0526123046875,371,1602470850263
-0.8836669921875,-0.4437255859375,-0.0408935546875,371,1602470850270
-0.9300537109375,-0.4393310546875,-0.0411376953125,371,1602470850285
-0.9150390625,-0.46533203125,-0.0821533203125,372,1602470850293
-0.84033203125,-0.4976806640625,-0.100830078125,372,1602470850300
-0.7625732421875,-0.503662109375,-0.0577392578125,372,1602470850315
-0.764404296875,-0.474365234375,-0.0338134765625,373,1602470850323
-0.8173828125,-0.4478759765625,-0.0155029296875,373,1602470850330
-0.925048828125,-0.456298828125,0.0284423828125,373,1602470850345
-1.0,-0.482177734375,0.0391845703125,373,1602470850353
-0.996337890625,-0.5103759765625,-0.042724609375,374,1602470850361
-0.985107421875,-0.4984130859375,-0.0240478515625,374,1602470850376
-0.797607421875,-0.413818359375,-0.0169677734375,374,1602470850383
-0.7344970703125,-0.4632568359375,0.003662109375,374,1602470850391
-0.857666015625,-0.523193359375,-0.0360107421875,375,1602470850405
-0.88720703125,-0.471435546875,0.0404052734375,375,1602470850413
-0.9071044921875,-0.43603515625,0.0269775390625,375,1602470850420
-0.8504638671875,-0.419921875,-0.003173828125,376,1602470850435
-0.8668212890625,-0.447021484375,0.01806640625,376,1602470850443
-0.9378662109375,-0.5013427734375,-0.0391845703125,376,1602470850450
-0.884033203125,-0.499267578125,-0.0115966796875,377,1602470850465
-0.8948974609375,-0.4720458984375,0.013427734375,377,1602470850473
-0.928466796875,-0.4268798828125,-0.0128173828125,377,1602470850480
-0.9296875,-0.434326171875,-0.066650390625,378,1602470850495
-0.9669189453125,-0.491455078125,-0.1156005859375,378,1602470850503
-0.9066162109375,-0.50732421875,-0.11572265625,378,1602470850510
-0.835205078125,-0.4677734375,-0.0997314453125,379,1602470850525
-0.8355712890625,-0.42529296875,-0.0946044921875,379,1602470850533
-0.88525390625,-0.4261474609375,-0.0943603515625,379,1602470850540
-0.945068359375,-0.46923828125,-0.14111328125,379,1602470850555
-0.9517822265625,-0.498291015625,-0.195556640625,380,1602470850563
-0.925537109375,-0.5009765625,-0.2093505859375,380,1602470850571
-0.892578125,-0.48193359375,-0.2073974609375,380,1602470850585
-0.8614501953125,-0.4696044921875,-0.2052001953125,381,1602470850593
-0.831787109375,-0.474365234375,-0.1802978515625,381,1602470850600
-0.869140625,-0.4405517578125,-0.1490478515625,381,1602470850616
-0.9222412109375,-0.4091796875,-0.1065673828125,381,1602470850623
-0.9935302734375,-0.4576416015625,-0.105712890625,382,1602470850630
-0.9573974609375,-0.487548828125,-0.100830078125,382,1602470850645
-0.887939453125,-0.4493408203125,-0.0626220703125,382,1602470850653
-0.8680419921875,-0.3934326171875,-0.0345458984375,383,1602470850660
-0.8563232421875,-0.37841796875,-0.091796875,383,1602470850675
-0.88134765625,-0.449462890625,-0.1702880859375,383,1602470850683
-0.8271484375,-0.5465087890625,-0.2359619140625,384,1602470850690
-0.8460693359375,-0.561767578125,-0.24560546875,384,1602470850705
-0.828125,-0.487060546875,-0.16650390625,384,1602470850713
-0.8955078125,-0.4263916015625,-0.0758056640625,384,1602470850720
-0.9349365234375,-0.43994140625,-0.0889892578125,385,1602470850735
-0.93505859375,-0.4666748046875,-0.126220703125,385,1602470850743
-0.9251708984375,-0.478759765625,-0.150634765625,385,1602470850751
-0.89697265625,-0.4754638671875,-0.1561279296875,386,1602470850766
-0.8919677734375,-0.4439697265625,-0.1715087890625,386,1602470850780
-0.892578125,-0.4400634765625,-0.196533203125,386,1602470850788
-0.87255859375,-0.461669921875,-0.205810546875,387,1602470850795
-0.859619140625,-0.465087890625,-0.208984375,387,1602470850803
-0.88232421875,-0.4486083984375,-0.1800537109375,387,1602470850810
-0.900146484375,-0.43701171875,-0.165771484375,387,1602470850825
-0.8531494140625,-0.43359375,-0.1419677734375,388,1602470850833
-0.845703125,-0.4520263671875,-0.1185302734375,388,1602470850840
-0.8880615234375,-0.464111328125,-0.153076171875,388,1602470850855
-0.8719482421875,-0.4786376953125,-0.1895751953125,389,1602470850863
-0.89404296875,-0.496337890625,-0.2685546875,389,1602470850870
-0.9056396484375,-0.5106201171875,-0.1885986328125,389,1602470850885
-0.9349365234375,-0.4652099609375,-0.079345703125,390,1602470850893
-0.92578125,-0.369873046875,-0.0042724609375,390,1602470850900
-0.8365478515625,-0.33203125,-0.01513671875,390,1602470850915
-0.822021484375,-0.382080078125,-0.1087646484375,390,1602470850923
-0.8876953125,-0.471435546875,-0.21728515625,391,1602470850930
-0.918212890625,-0.5350341796875,-0.233642578125,391,1602470850945
-0.853759765625,-0.5303955078125,-0.217041015625,391,1602470850953
-0.8818359375,-0.4959716796875,-0.1824951171875,392,1602470850960
-0.9537353515625,-0.468505859375,-0.176025390625,392,1602470850975
-0.9569091796875,-0.446044921875,-0.1754150390625,392,1602470850983
-0.9200439453125,-0.4462890625,-0.14892578125,392,1602470850990
-0.90087890625,-0.4388427734375,-0.1346435546875,393,1602470851005
-0.9217529296875,-0.42333984375,-0.14306640625,393,1602470851013
-0.892822265625,-0.417724609375,-0.15185546875,393,1602470851020
-0.8800048828125,-0.4090576171875,-0.1724853515625,394,1602470851035
-0.9071044921875,-0.435546875,-0.230712890625,394,1602470851043
-0.897216796875,-0.47802734375,-0.2613525390625,394,1602470851050
-0.84912109375,-0.483154296875,-0.2454833984375,395,1602470851065
-0.8419189453125,-0.456298828125,-0.206298828125,395,1602470851073
-0.857421875,-0.431396484375,-0.184814453125,395,1602470851080
-0.8775634765625,-0.4307861328125,-0.193359375,395,1602470851088
-0.91552734375,-0.4627685546875,-0.20556640625,396,1602470851103
-0.9461669921875,-0.4722900390625,-0.2474365234375,396,1602470851110
-0.9083251953125,-0.4412841796875,-0.1553955078125,396,1602470851118
-0.785400390625,-0.4010009765625,-0.0716552734375,397,1602470851133
-0.78662109375,-0.36572265625,-0.102294921875,397,1602470851140
-0.78564453125,-0.3863525390625,-0.1239013671875,397,1602470851148
-0.871337890625,-0.502197265625,-0.1531982421875,398,1602470851163
-0.9228515625,-0.5350341796875,-0.222412109375,398,1602470851171
-0.9205322265625,-0.5010986328125,-0.216064453125,398,1602470851178
-0.924560546875,-0.4830322265625,-0.1929931640625,399,1602470851193
-0.90234375,-0.4451904296875,-0.1553955078125,399,1602470851200
-0.9830322265625,-0.4437255859375,-0.1531982421875,399,1602470851208
-1.06591796875,-0.449462890625,-0.2091064453125,399,1602470851223
-1.0050048828125,-0.4306640625,-0.2362060546875,400,1602470851230
-0.866455078125,-0.4224853515625,-0.2108154296875,400,1602470851238
-0.8111572265625,-0.4139404296875,-0.194580078125,400,1602470851253
-0.8349609375,-0.416259765625,-0.1907958984375,401,1602470851260
-0.896240234375,-0.45068359375,-0.181396484375,401,1602470851268
-0.9461669921875,-0.4652099609375,-0.1746826171875,401,1602470851283
-0.942626953125,-0.459228515625,-0.2149658203125,401,1602470851291
-0.8848876953125,-0.466064453125,-0.2437744140625,402,1602470851298
-0.82666015625,-0.4744873046875,-0.22998046875,402,1602470851313
-0.8018798828125,-0.4700927734375,-0.2158203125,402,1602470851320
-0.778076171875,-0.4554443359375,-0.2000732421875,403,1602470851328
-0.7882080078125,-0.4493408203125,-0.224609375,403,1602470851343
-0.873779296875,-0.456298828125,-0.12353515625,403,1602470851350
-0.891357421875,-0.4677734375,-0.0821533203125,403,1602470851358
-0.885009765625,-0.4124755859375,-0.1490478515625,404,1602470851373
-0.87158203125,-0.3599853515625,-0.0849609375,404,1602470851381
-0.860107421875,-0.419189453125,-0.090576171875,404,1602470851388
-0.9630126953125,-0.494140625,-0.1754150390625,405,1602470851403
-1.01513671875,-0.5048828125,-0.215576171875,405,1602470851411
-0.9625244140625,-0.4605712890625,-0.1846923828125,405,1602470851418
-0.89697265625,-0.41943359375,-0.1455078125,406,1602470851433
-0.8670654296875,-0.4361572265625,-0.120849609375,406,1602470851440
-0.884765625,-0.461181640625,-0.117431640625,406,1602470851448
-0.863525390625,-0.470947265625,-0.11767578125,407,1602470851463
-0.833984375,-0.46240234375,-0.104736328125,407,1602470851470
-0.876220703125,-0.4285888671875,-0.093017578125,407,1602470851479
-0.932373046875,-0.4114990234375,-0.083984375,408,1602470851493
-0.979248046875,-0.4285888671875,-0.0750732421875,408,1602470851500
-0.980712890625,-0.4520263671875,-0.07373046875,408,1602470851508
-0.94580078125,-0.4580078125,-0.0848388671875,408,1602470851523
-0.9444580078125,-0.444580078125,-0.11279296875,409,1602470851530
-0.9224853515625,-0.4459228515625,-0.1324462890625,409,1602470851538
-0.8857421875,-0.464599609375,-0.158203125,409,1602470851553
-0.852783203125,-0.4549560546875,-0.14404296875,410,1602470851560
-0.8392333984375,-0.432373046875,-0.1148681640625,410,1602470851568
-0.876953125,-0.413330078125,-0.0587158203125,410,1602470851583
-0.941650390625,-0.42578125,-0.044677734375,410,1602470851591
-0.951171875,-0.4364013671875,-0.0499267578125,411,1602470851598
-0.948486328125,-0.417236328125,-0.15234375,411,1602470851613
-0.9522705078125,-0.4364013671875,-0.2371826171875,411,1602470851621
-0.9017333984375,-0.5419921875,-0.16845703125,411,1602470851628
-0.7803955078125,-0.5245361328125,-0.07470703125,412,1602470851643
-0.7691650390625,-0.3885498046875,-0.0755615234375,412,1602470851650
-0.848876953125,-0.380859375,-0.0931396484375,412,1602470851658
-0.8330078125,-0.464111328125,-0.081787109375,413,1602470851673
-0.831298828125,-0.5074462890625,-0.0721435546875,413,1602470851680
-0.91943359375,-0.504150390625,-0.033447265625,413,1602470851688
-0.9879150390625,-0.482177734375,-0.021240234375,414,1602470851703
-0.995361328125,-0.478515625,-0.0179443359375,414,1602470851710
-0.974609375,-0.505615234375,-0.02880859375,414,1602470851718
-0.953857421875,-0.48291015625,-0.0517578125,415,1602470851733
-0.9132080078125,-0.4361572265625,-0.057861328125,415,1602470851740
-0.9178466796875,-0.4251708984375,-0.0279541015625,415,1602470851748
-0.970947265625,-0.4158935546875,-0.0020751953125,416,1602470851763
-0.9659423828125,-0.4078369140625,-0.0230712890625,416,1602470851770
-0.9056396484375,-0.4193115234375,-0.044189453125,416,1602470851778
-0.8712158203125,-0.4373779296875,-0.03955078125,417,1602470851796
-0.8934326171875,-0.4522705078125,-0.031494140625,417,1602470851801
-0.916015625,-0.452880859375,-0.035888671875,417,1602470851808
-0.88916015625,-0.461181640625,-0.0322265625,417,1602470851823
-0.847900390625,-0.4613037109375,-0.020263671875,418,1602470851831
-0.82373046875,-0.456787109375,-0.0184326171875,418,1602470851838
-0.864501953125,-0.455810546875,-0.0498046875,418,1602470851853
-0.9075927734375,-0.4588623046875,-0.0269775390625,419,1602470851860
-0.88671875,-0.456298828125,-0.0013427734375,419,1602470851868
-0.8668212890625,-0.483642578125,0.083251953125,419,1602470851883
-0.8668212890625,-0.50244140625,0.14306640625,419,1602470851890
-0.944580078125,-0.412841796875,0.0662841796875,420,1602470851898
-0.9149169921875,-0.3955078125,0.0814208984375,420,1602470851913
-0.847412109375,-0.4615478515625,0.0592041015625,420,1602470851920
-0.8553466796875,-0.499267578125,0.00537109375,420,1602470851928
-0.807861328125,-0.5040283203125,-0.0172119140625,421,1602470851943
-0.794921875,-0.4913330078125,-0.0191650390625,421,1602470851950
-0.8525390625,-0.47509765625,0.0018310546875,421,1602470851958
-0.921630859375,-0.48046875,0.030029296875,422,1602470851973
-0.9580078125,-0.4708251953125,0.0418701171875,422,1602470851981
-0.9283447265625,-0.4539794921875,0.0701904296875,422,1602470851988
-0.9193115234375,-0.435302734375,0.0743408203125,423,1602470852003
-0.986572265625,-0.4296875,0.0362548828125,423,1602470852011
-0.969482421875,-0.4527587890625,0.0296630859375,423,1602470852018
-0.920166015625,-0.459716796875,0.032958984375,424,1602470852033
-0.935546875,-0.4534912109375,0.028564453125,424,1602470852041
-0.9471435546875,-0.4569091796875,0.0797119140625,424,1602470852048
-0.900146484375,-0.44482421875,0.126953125,425,1602470852063
-0.8798828125,-0.4063720703125,0.10986328125,425,1602470852071
-0.868408203125,-0.41015625,0.0728759765625,425,1602470852078
-0.8751220703125,-0.4583740234375,0.0491943359375,425,1602470852093
-0.9171142578125,-0.447265625,0.062255859375,426,1602470852100
-0.9796142578125,-0.4229736328125,0.0234375,426,1602470852108
-1.0003662109375,-0.4337158203125,-0.045654296875,426,1602470852123
-0.9288330078125,-0.4727783203125,-0.0474853515625,427,1602470852130
-0.827392578125,-0.5093994140625,-0.00146484375,427,1602470852138
-0.7900390625,-0.52490234375,0.0467529296875,427,1602470852153
-0.8199462890625,-0.5196533203125,0.1131591796875,428,1602470852162
-0.8468017578125,-0.474365234375,0.1583251953125,428,1602470852168
-0.901123046875,-0.4227294921875,0.1397705078125,428,1602470852176
-0.977294921875,-0.4150390625,0.0546875,428,1602470852191
-1.02197265625,-0.483154296875,-0.063232421875,429,1602470852198
-0.9495849609375,-0.5888671875,0.123779296875,429,1602470852206
-0.890380859375,-0.54833984375,0.2020263671875,429,1602470852221
-0.9453125,-0.392578125,0.209716796875,429,1602470852228
-0.8865966796875,-0.347412109375,0.2098388671875,430,1602470852236
-0.8265380859375,-0.4012451171875,0.2122802734375,430,1602470852251
-0.822509765625,-0.4415283203125,0.1932373046875,430,1602470852258
-0.849609375,-0.4312744140625,0.1912841796875,431,1602470852265
-0.863525390625,-0.413330078125,0.186279296875,431,1602470852281
-0.8553466796875,-0.438720703125,0.1331787109375,431,1602470852288
-0.8953857421875,-0.4886474609375,0.0616455078125,431,1602470852296
-0.9853515625,-0.52734375,0.0301513671875,432,1602470852311
-0.979736328125,-0.5284423828125,0.0877685546875,432,1602470852318
-0.8470458984375,-0.4967041015625,0.17578125,432,1602470852325
-0.75,-0.455078125,0.2552490234375,433,1602470852340
-0.77099609375,-0.4466552734375,0.2840576171875,433,1602470852348
-0.8953857421875,-0.4696044921875,0.2611083984375,433,1602470852355
-0.9591064453125,-0.486572265625,0.263916015625,434,1602470852370
-0.864990234375,-0.4644775390625,0.26611328125,434,1602470852378
-0.785888671875,-0.453857421875,0.155029296875,434,1602470852386
-0.770263671875,-0.4766845703125,0.1365966796875,435,1602470852401
-0.8201904296875,-0.4588623046875,0.155517578125,435,1602470852408
-0.9044189453125,-0.4158935546875,0.1767578125,435,1602470852416
-0.906982421875,-0.3916015625,0.1865234375,436,1602470852431
-0.9014892578125,-0.405029296875,0.183349609375,436,1602470852438
-0.9083251953125,-0.44677734375,0.1895751953125,436,1602470852446
-0.9071044921875,-0.4837646484375,0.2061767578125,436,1602470852460
-0.85693359375,-0.4683837890625,0.2100830078125,437,1602470852468
-0.832275390625,-0.434814453125,0.201416015625,437,1602470852475
-0.8411865234375,-0.4296875,0.152587890625,437,1602470852491
-0.8486328125,-0.4730224609375,0.086669921875,438,1602470852498
-0.844482421875,-0.4910888671875,0.076904296875,438,1602470852506
-0.91845703125,-0.4534912109375,0.102294921875,438,1602470852520
-0.9656982421875,-0.3995361328125,0.1744384765625,438,1602470852528
-0.966552734375,-0.36572265625,0.2503662109375,439,1602470852535
-0.96337890625,-0.3519287109375,0.26123046875,439,1602470852550
-1.01171875,-0.385498046875,0.2030029296875,439,1602470852558
-0.96337890625,-0.444580078125,0.1805419921875,440,1602470852565
-0.8765869140625,-0.451904296875,0.1690673828125,440,1602470852581
-0.855712890625,-0.430419921875,0.1419677734375,440,1602470852588
-0.8489990234375,-0.42529296875,0.127197265625,440,1602470852596
-0.9197998046875,-0.4403076171875,0.1082763671875,441,1602470852611
-0.9593505859375,-0.4649658203125,0.15869140625,441,1602470852618
-0.966796875,-0.461181640625,0.2109375,441,1602470852626
-0.990478515625,-0.4522705078125,0.197265625,442,1602470852641
-0.963134765625,-0.453857421875,0.1658935546875,442,1602470852648
-0.9444580078125,-0.4571533203125,0.152587890625,442,1602470852655
-0.8594970703125,-0.4462890625,0.1944580078125,443,1602470852671
-0.85888671875,-0.417724609375,0.2220458984375,443,1602470852678
-0.8585205078125,-0.4027099609375,0.2227783203125,443,1602470852686
-0.8096923828125,-0.4163818359375,0.2396240234375,444,1602470852701
-0.7979736328125,-0.4129638671875,0.2833251953125,444,1602470852708
-0.902099609375,-0.3848876953125,0.2779541015625,444,1602470852716
-0.96044921875,-0.3968505859375,0.2562255859375,444,1602470852731
-0.9176025390625,-0.441162109375,0.212890625,445,1602470852738
-0.9000244140625,-0.472412109375,0.134033203125,445,1602470852745
-0.917724609375,-0.48388671875,0.0916748046875,445,1602470852761
-0.9005126953125,-0.4765625,0.112548828125,446,1602470852768
-0.8521728515625,-0.4451904296875,0.193115234375,446,1602470852776
-0.8489990234375,-0.393310546875,0.25146484375,446,1602470852791
-0.896484375,-0.364990234375,0.2913818359375,447,1602470852798
-0.9481201171875,-0.3692626953125,0.344482421875,447,1602470852806
-0.9996337890625,-0.3494873046875,0.4044189453125,447,1602470852821
-0.9886474609375,-0.3338623046875,0.3914794921875,447,1602470852828
-0.9349365234375,-0.3985595703125,0.3055419921875,448,1602470852836
-0.8553466796875,-0.4970703125,0.2000732421875,448,1602470852851
-0.784912109375,-0.5361328125,0.1123046875,448,1602470852858
-0.758544921875,-0.532958984375,0.058349609375,448,1602470852866
-0.6995849609375,-0.522705078125,0.10009765625,449,1602470852881
-0.7935791015625,-0.4857177734375,0.1697998046875,449,1602470852888
-1.00390625,-0.4368896484375,0.165283203125,449,1602470852895
-1.0784912109375,-0.4376220703125,0.1636962890625,450,1602470852911
-0.9888916015625,-0.4580078125,0.16748046875,450,1602470852918
-0.8782958984375,-0.45947265625,0.1895751953125,450,1602470852925
-0.8427734375,-0.436767578125,0.228515625,451,1602470852941
-0.8548583984375,-0.408447265625,0.2598876953125,451,1602470852948
-0.8350830078125,-0.406494140625,0.288330078125,451,1602470852956
-0.7801513671875,-0.417236328125,0.2642822265625,452,1602470852971
-0.7447509765625,-0.424560546875,0.221435546875,452,1602470852978
-0.755615234375,-0.415283203125,0.18994140625,452,1602470852986
-0.8155517578125,-0.4022216796875,0.1519775390625,453,1602470853001
-0.8770751953125,-0.41796875,0.1043701171875,453,1602470853008
-0.8782958984375,-0.4403076171875,0.097412109375,453,1602470853016
-0.8680419921875,-0.4527587890625,0.1290283203125,453,1602470853031
-0.8773193359375,-0.4295654296875,0.1888427734375,454,1602470853038
-0.8988037109375,-0.38037109375,0.2249755859375,454,1602470853046
-0.9461669921875,-0.3770751953125,0.176513671875,454,1602470853061
-0.9681396484375,-0.4095458984375,0.0894775390625,455,1602470853068
-0.9639892578125,-0.4549560546875,-0.0106201171875,455,1602470853076
-1.0084228515625,-0.481689453125,-0.0562744140625,455,1602470853091
-1.0380859375,-0.4766845703125,-0.0679931640625,455,1602470853098
-1.0423583984375,-0.4560546875,-0.0582275390625,456,1602470853106
-1.04541015625,-0.4600830078125,-0.0274658203125,456,1602470853121
-1.082275390625,-0.4853515625,0.02978515625,456,1602470853128
-1.123291015625,-0.4976806640625,0.1011962890625,457,1602470853136
-1.13623046875,-0.502197265625,0.1785888671875,457,1602470853151
-1.1484375,-0.4925537109375,0.25341796875,457,1602470853158
-1.0885009765625,-0.469970703125,0.2718505859375,458,1602470853166
-0.98388671875,-0.4500732421875,0.2620849609375,458,1602470853181
-0.890380859375,-0.412841796875,0.2840576171875,458,1602470853188
-0.869140625,-0.3826904296875,0.28125,458,1602470853196
-0.9970703125,-0.3792724609375,0.276611328125,459,1602470853211
-1.147705078125,-0.3746337890625,0.3355712890625,459,1602470853218
-1.262451171875,-0.31640625,0.4656982421875,459,1602470853226
-1.3773193359375,-0.21875,0.3994140625,460,1602470853241
-1.4661865234375,-0.1905517578125,0.279541015625,460,1602470853248
-1.453369140625,-0.2152099609375,0.1505126953125,460,1602470853256
-1.439697265625,-0.213134765625,0.04248046875,460,1602470853263
-1.42529296875,-0.2076416015625,-0.0316162109375,461,1602470853278
-1.21630859375,-0.2738037109375,-0.0362548828125,461,1602470853286
-0.818603515625,-0.349853515625,0.1185302734375,461,1602470853293
-0.4512939453125,-0.351806640625,0.2791748046875,462,1602470853308
-0.3533935546875,-0.341796875,0.3277587890625,462,1602470853316
-0.4217529296875,-0.3629150390625,0.345458984375,462,1602470853323
-0.5302734375,-0.4276123046875,0.335693359375,463,1602470853338
-0.6549072265625,-0.5068359375,0.2852783203125,463,1602470853346
-0.767578125,-0.5797119140625,0.23388671875,463,1602470853353
-0.79345703125,-0.663330078125,0.1864013671875,464,1602470853368
-0.7706298828125,-0.7181396484375,0.17138671875,464,1602470853376
-0.703125,-0.7159423828125,0.217529296875,464,1602470853383
-0.624267578125,-0.6661376953125,0.2713623046875,465,1602470853406
-0.57080078125,-0.5750732421875,0.269287109375,465,1602470853413
-0.5457763671875,-0.483154296875,0.258056640625,465,1602470853421
-0.544189453125,-0.4647216796875,0.247314453125,465,1602470853428
-0.5447998046875,-0.4521484375,0.2108154296875,466,1602470853436
-0.53125,-0.54833984375,0.2413330078125,466,1602470853443
-0.4403076171875,-0.6768798828125,0.2474365234375,466,1602470853458
-0.3232421875,-0.6778564453125,0.2896728515625,466,1602470853466
-0.295166015625,-0.6295166015625,0.3638916015625,467,1602470853473
-0.3026123046875,-0.658203125,0.43701171875,467,1602470853488
-0.2816162109375,-0.697998046875,0.477294921875,467,1602470853496
-0.284423828125,-0.6832275390625,0.497314453125,468,1602470853503
-0.3375244140625,-0.642333984375,0.487548828125,468,1602470853526
-0.402587890625,-0.66748046875,0.52587890625,469,1602470853541
-0.350341796875,-0.672119140625,0.6092529296875,469,1602470853548
-0.2265625,-0.5927734375,0.7200927734375,469,1602470853556
-0.0931396484375,-0.5123291015625,0.8834228515625,469,1602470853563
-0.011962890625,-0.458984375,0.982177734375,470,1602470853571
-0.0501708984375,-0.4373779296875,0.9901123046875,470,1602470853578
-0.2274169921875,-0.475341796875,0.9970703125,470,1602470853586
-0.3165283203125,-0.543212890625,0.9521484375,470,1602470853593
-0.3404541015625,-0.5684814453125,0.9547119140625,471,1602470853608
-0.391357421875,-0.5423583984375,0.956787109375,471,1602470853616
-0.4007568359375,-0.542724609375,1.052001953125,471,1602470853623
-0.3446044921875,-0.591552734375,1.122314453125,472,1602470853638
-0.4129638671875,-0.58544921875,0.96337890625,472,1602470853646
-0.55517578125,-0.5443115234375,0.8173828125,472,1602470853653
-0.5850830078125,-0.501220703125,0.7889404296875,472,1602470853668
-0.5377197265625,-0.48974609375,0.7296142578125,473,1602470853676
-0.5404052734375,-0.4959716796875,0.65576171875,473,1602470853683
-0.6298828125,-0.50048828125,0.6070556640625,473,1602470853698
-0.773193359375,-0.5089111328125,0.546875,474,1602470853706
-0.941650390625,-0.5054931640625,0.5135498046875,474,1602470853713
-1.0108642578125,-0.4976806640625,0.5006103515625,474,1602470853728
-0.966064453125,-0.48046875,0.524169921875,474,1602470853736
-0.8792724609375,-0.454345703125,0.5892333984375,475,1602470853743
-0.78564453125,-0.469482421875,0.6287841796875,475,1602470853758
-0.74560546875,-0.5145263671875,0.626708984375,475,1602470853766
-0.7213134765625,-0.5230712890625,0.6041259765625,476,1602470853773
-0.6986083984375,-0.494384765625,0.5784912109375,476,1602470853788
-0.7149658203125,-0.4678955078125,0.5377197265625,476,1602470853796
-0.7359619140625,-0.4833984375,0.50537109375,477,1602470853803
-0.7105712890625,-0.5169677734375,0.49169921875,477,1602470853818
-0.653076171875,-0.538818359375,0.46435546875,477,1602470853826
-0.6405029296875,-0.54296875,0.451416015625,477,1602470853833
-0.6666259765625,-0.5494384765625,0.4608154296875,478,1602470853848
-0.6883544921875,-0.584228515625,0.4417724609375,478,1602470853856
-0.685302734375,-0.5899658203125,0.4180908203125,478,1602470853863
-0.6610107421875,-0.575439453125,0.451416015625,479,1602470853878
-0.6583251953125,-0.5859375,0.5135498046875,479,1602470853886
-0.7027587890625,-0.646484375,0.5706787109375,479,1602470853893
-0.782470703125,-0.7169189453125,0.5885009765625,480,1602470853908
-0.870849609375,-0.7376708984375,0.5108642578125,480,1602470853916
-0.9517822265625,-0.7060546875,0.3870849609375,480,1602470853923
-0.918701171875,-0.6419677734375,0.302490234375,481,1602470853938
-0.8585205078125,-0.5849609375,0.2950439453125,481,1602470853946
-0.9298095703125,-0.5966796875,0.2825927734375,481,1602470853953
-0.92822265625,-0.664794921875,0.33544921875,481,1602470853968
-0.7989501953125,-0.6962890625,0.4638671875,482,1602470853976
-0.7783203125,-0.6456298828125,0.5074462890625,482,1602470853983
-0.8184814453125,-0.584716796875,0.46142578125,482,1602470853998
-0.7769775390625,-0.5660400390625,0.38427734375,483,1602470854006
-0.731201171875,-0.5601806640625,0.3302001953125,483,1602470854013
-0.6856689453125,-0.5281982421875,0.3466796875,483,1602470854028
-0.699462890625,-0.4793701171875,0.3455810546875,483,1602470854036
-0.76953125,-0.4530029296875,0.3704833984375,484,1602470854043
-0.8365478515625,-0.507080078125,0.3616943359375,484,1602470854058
-0.789306640625,-0.5357666015625,0.355712890625,484,1602470854066
-0.7208251953125,-0.4766845703125,0.3509521484375,485,1602470854073
-0.6422119140625,-0.4439697265625,0.40380859375,485,1602470854088
-0.6361083984375,-0.4332275390625,0.47802734375,485,1602470854096
-0.7266845703125,-0.3935546875,0.544677734375,485,1602470854103
-0.653564453125,-0.3221435546875,0.5826416015625,486,1602470854118
-0.4769287109375,-0.2596435546875,0.55224609375,486,1602470854126
-0.439697265625,-0.2196044921875,0.5186767578125,486,1602470854133
-0.4891357421875,-0.2137451171875,0.484375,487,1602470854148
-0.5047607421875,-0.232666015625,0.4517822265625,487,1602470854156
-0.5609130859375,-0.252685546875,0.4288330078125,487,1602470854163
-0.6209716796875,-0.2822265625,0.40771484375,488,1602470854178
-0.62841796875,-0.2674560546875,0.3414306640625,488,1602470854186
-0.768310546875,-0.1865234375,0.327880859375,488,1602470854193
-1.005126953125,-0.1429443359375,0.3316650390625,489,1602470854208
-1.029052734375,-0.1436767578125,0.3961181640625,489,1602470854216
-0.93310546875,-0.1761474609375,0.5062255859375,489,1602470854223
-0.870361328125,-0.2220458984375,0.5313720703125,490,1602470854238
-0.7813720703125,-0.2486572265625,0.4849853515625,490,1602470854246
-0.6983642578125,-0.24951171875,0.4742431640625,490,1602470854253
-0.8734130859375,-0.27490234375,0.4434814453125,490,1602470854268
-1.1927490234375,-0.3409423828125,0.4306640625,491,1602470854276
-1.3470458984375,-0.4072265625,0.4873046875,491,1602470854283
-1.4697265625,-0.43994140625,0.5887451171875,491,1602470854298
-1.4776611328125,-0.44970703125,0.6304931640625,492,1602470854306
-1.097900390625,-0.4354248046875,0.616455078125,492,1602470854321
-0.6993408203125,-0.4102783203125,0.4913330078125,492,1602470854328
-0.574462890625,-0.3671875,0.391845703125,492,1602470854336
-0.579833984375,-0.3201904296875,0.321533203125,493,1602470854343
-0.6087646484375,-0.33251953125,0.32568359375,493,1602470854358
-0.739501953125,-0.3759765625,0.3743896484375,493,1602470854366
-0.8787841796875,-0.44921875,0.360107421875,494,1602470854373
-0.92041015625,-0.4813232421875,0.325439453125,494,1602470854381
-0.9039306640625,-0.4595947265625,0.3043212890625,494,1602470854396
-0.847412109375,-0.4320068359375,0.2515869140625,494,1602470854403
-0.8603515625,-0.4437255859375,0.2352294921875,495,1602470854411
-0.927978515625,-0.4715576171875,0.2593994140625,495,1602470854426
-0.93603515625,-0.47705078125,0.30224609375,495,1602470854433
-0.943359375,-0.4886474609375,0.31298828125,496,1602470854441
-1.0052490234375,-0.4716796875,0.3052978515625,496,1602470854456
-0.913330078125,-0.4462890625,0.3094482421875,496,1602470854463
-0.872802734375,-0.480712890625,0.326416015625,496,1602470854471
-0.9063720703125,-0.5267333984375,0.3267822265625,497,1602470854486
-0.842041015625,-0.51611328125,0.322509765625,497,1602470854493
-0.81005859375,-0.4893798828125,0.322021484375,497,1602470854501
-0.866455078125,-0.49609375,0.2928466796875,498,1602470854516
-0.8751220703125,-0.5064697265625,0.2562255859375,498,1602470854523
-0.8272705078125,-0.5009765625,0.2403564453125,498,1602470854531
-0.8001708984375,-0.4869384765625,0.2403564453125,499,1602470854546
-0.79541015625,-0.4764404296875,0.259033203125,499,1602470854553
-0.8226318359375,-0.4700927734375,0.2882080078125,499,1602470854561
-0.8516845703125,-0.482666015625,0.3106689453125,500,1602470854576
-0.7880859375,-0.4754638671875,0.4100341796875,500,1602470854583
-0.738037109375,-0.4320068359375,0.413330078125,500,1602470854591
-0.8106689453125,-0.4013671875,0.3714599609375,501,1602470854606
-0.87451171875,-0.4154052734375,0.314697265625,501,1602470854613
-0.850830078125,-0.433837890625,0.248046875,501,1602470854621
-0.8582763671875,-0.41015625,0.2435302734375,501,1602470854636
-0.900390625,-0.431640625,0.284423828125,502,1602470854643
-0.938232421875,-0.4951171875,0.2891845703125,502,1602470854651
-0.959228515625,-0.5006103515625,0.27734375,502,1602470854666
-0.9373779296875,-0.4669189453125,0.2586669921875,502,1602470854673
-0.8731689453125,-0.45703125,0.3016357421875,503,1602470854681
-0.843505859375,-0.4532470703125,0.3067626953125,503,1602470854696
-0.9459228515625,-0.4197998046875,0.2625732421875,503,1602470854703
-0.9400634765625,-0.4139404296875,0.2313232421875,504,1602470854711
-0.9088134765625,-0.4345703125,0.2457275390625,504,1602470854726
-0.8880615234375,-0.438232421875,0.361572265625,504,1602470854733
-0.8184814453125,-0.447265625,0.4708251953125,505,1602470854741
-0.791015625,-0.448486328125,0.4884033203125,505,1602470854756
-0.796142578125,-0.3974609375,0.4635009765625,505,1602470854763
-0.7603759765625,-0.3663330078125,0.4573974609375,505,1602470854771
-0.7362060546875,-0.3779296875,0.4658203125,506,1602470854786
-0.7987060546875,-0.399658203125,0.4398193359375,506,1602470854793
-0.8663330078125,-0.427490234375,0.390869140625,506,1602470854801
-0.8865966796875,-0.447509765625,0.35546875,507,1602470854816
-0.875244140625,-0.4613037109375,0.3814697265625,507,1602470854823
-0.77392578125,-0.4468994140625,0.4085693359375,507,1602470854831
-0.7330322265625,-0.433837890625,0.3387451171875,508,1602470854846
-0.8233642578125,-0.4566650390625,0.2344970703125,508,1602470854853
-0.93310546875,-0.484375,0.1796875,508,1602470854861
-0.9534912109375,-0.4801025390625,0.1971435546875,509,1602470854876
-0.9073486328125,-0.4686279296875,0.2750244140625,509,1602470854883
-0.8548583984375,-0.460205078125,0.3563232421875,509,1602470854891
-0.7967529296875,-0.4571533203125,0.392333984375,509,1602470854906
-0.76953125,-0.4412841796875,0.3929443359375,510,1602470854913
-0.787841796875,-0.4091796875,0.4132080078125,510,1602470854921
-0.8026123046875,-0.393798828125,0.4697265625,510,1602470854936
-0.7659912109375,-0.40478515625,0.50634765625,511,1602470854943
-0.6888427734375,-0.3843994140625,0.7069091796875,511,1602470854951
-0.865478515625,-0.3272705078125,0.475341796875,511,1602470854966
-0.965087890625,-0.3055419921875,0.4244384765625,512,1602470854973
-0.7684326171875,-0.3856201171875,0.4293212890625,512,1602470854981
-0.7353515625,-0.42529296875,0.476318359375,512,1602470854996
-0.826416015625,-0.45849609375,0.4884033203125,512,1602470855003
-0.83251953125,-0.4678955078125,0.4337158203125,513,1602470855011
-0.837890625,-0.45849609375,0.368408203125,513,1602470855026
-0.78125,-0.4561767578125,0.40185546875,513,1602470855033
-0.61962890625,-0.4361572265625,0.4769287109375,514,1602470855041
-0.6131591796875,-0.4141845703125,0.4722900390625,514,1602470855056
-0.75,-0.3936767578125,0.4373779296875,514,1602470855063
-0.9212646484375,-0.427978515625,0.527587890625,514,1602470855071
-0.96484375,-0.4771728515625,0.534912109375,515,1602470855086
-0.9373779296875,-0.4749755859375,0.4586181640625,515,1602470855093
-0.8245849609375,-0.431396484375,0.4549560546875,515,1602470855101
-0.627685546875,-0.3890380859375,0.4825439453125,516,1602470855116
-0.580322265625,-0.3746337890625,0.4686279296875,516,1602470855123
-0.735107421875,-0.383056640625,0.395751953125,516,1602470855131
-0.8775634765625,-0.4324951171875,0.3292236328125,517,1602470855146
-0.9267578125,-0.508544921875,0.2874755859375,517,1602470855153
-0.9095458984375,-0.54345703125,0.279541015625,517,1602470855161
-0.853759765625,-0.506103515625,0.333984375,518,1602470855176
-0.8201904296875,-0.440185546875,0.4080810546875,518,1602470855183
-0.7767333984375,-0.404052734375,0.4154052734375,518,1602470855191
-0.72021484375,-0.4061279296875,0.432373046875,518,1602470855206
-0.6893310546875,-0.4097900390625,0.483642578125,519,1602470855213
-0.823486328125,-0.453125,0.446044921875,519,1602470855221
-0.887939453125,-0.4903564453125,0.3992919921875,519,1602470855236
-0.8604736328125,-0.475830078125,0.4051513671875,520,1602470855243
-0.8675537109375,-0.4473876953125,0.3876953125,520,1602470855251
-0.85498046875,-0.4124755859375,0.4210205078125,520,1602470855266
-0.8109130859375,-0.4053955078125,0.4400634765625,520,1602470855274
-0.7828369140625,-0.434326171875,0.4161376953125,521,1602470855281
-0.761474609375,-0.451904296875,0.39794921875,521,1602470855296
-0.7049560546875,-0.4444580078125,0.4771728515625,521,1602470855303
-0.70458984375,-0.4278564453125,0.4755859375,522,1602470855311
-0.808349609375,-0.4368896484375,0.4332275390625,522,1602470855326
-0.8238525390625,-0.4459228515625,0.450439453125,522,1602470855333
-0.7435302734375,-0.4478759765625,0.5150146484375,523,1602470855341
-0.783447265625,-0.4136962890625,0.413330078125,523,1602470855356
-0.9437255859375,-0.3663330078125,0.385009765625,523,1602470855363
-0.96435546875,-0.3924560546875,0.421142578125,523,1602470855371
-0.923583984375,-0.43798828125,0.472412109375,524,1602470855386
-0.8389892578125,-0.4071044921875,0.4921875,524,1602470855393
-0.775634765625,-0.3909912109375,0.4998779296875,524,1602470855401
-0.7947998046875,-0.4049072265625,0.492431640625,525,1602470855416
-0.824951171875,-0.406982421875,0.53173828125,525,1602470855423
-0.816650390625,-0.4112548828125,0.553955078125,525,1602470855431
-0.809326171875,-0.414306640625,0.51220703125,526,1602470855446
-0.7781982421875,-0.40478515625,0.4609375,526,1602470855453
-0.7183837890625,-0.4232177734375,0.42138671875,526,1602470855461
-0.684326171875,-0.4534912109375,0.384521484375,527,1602470855476
-0.7462158203125,-0.4635009765625,0.3792724609375,527,1602470855483
-0.833251953125,-0.4649658203125,0.3861083984375,527,1602470855491
-0.8450927734375,-0.4715576171875,0.3909912109375,527,1602470855506
-0.8291015625,-0.476318359375,0.4169921875,528,1602470855513
-0.7972412109375,-0.4583740234375,0.431640625,528,1602470855521
-0.7974853515625,-0.419921875,0.426513671875,528,1602470855528
-0.8184814453125,-0.40771484375,0.3924560546875,529,1602470855543
-0.8028564453125,-0.4124755859375,0.3819580078125,529,1602470855551
-0.8016357421875,-0.40185546875,0.419921875,529,1602470855558
-0.7952880859375,-0.39892578125,0.47265625,529,1602470855573
-0.763916015625,-0.412109375,0.46875,530,1602470855581
-0.7745361328125,-0.404541015625,0.4521484375,530,1602470855588
-0.7874755859375,-0.3948974609375,0.4871826171875,530,1602470855603
-0.782958984375,-0.4130859375,0.51220703125,531,1602470855611
-0.7747802734375,-0.4146728515625,0.4923095703125,531,1602470855618
-0.785400390625,-0.3775634765625,0.516357421875,531,1602470855633
-0.804931640625,-0.3621826171875,0.5452880859375,532,1602470855641
-0.89599609375,-0.3790283203125,0.4744873046875,532,1602470855648
-0.98095703125,-0.4056396484375,0.3929443359375,532,1602470855663
-0.921630859375,-0.43994140625,0.40771484375,532,1602470855671
-0.791259765625,-0.448486328125,0.4866943359375,533,1602470855678
-0.74267578125,-0.414794921875,0.4901123046875,533,1602470855693
-0.7818603515625,-0.3837890625,0.50927734375,533,1602470855701
-0.79150390625,-0.3887939453125,0.502197265625,533,1602470855708
-0.736572265625,-0.3900146484375,0.52587890625,534,1602470855723
-0.728271484375,-0.3670654296875,0.5181884765625,534,1602470855731
-0.8489990234375,-0.3543701171875,0.4786376953125,534,1602470855738
-0.9075927734375,-0.408447265625,0.4202880859375,535,1602470855753
-0.8814697265625,-0.4754638671875,0.32470703125,535,1602470855761
-0.861083984375,-0.489501953125,0.2430419921875,535,1602470855768
-0.8297119140625,-0.47119140625,0.1905517578125,536,1602470855783
-0.7957763671875,-0.4676513671875,0.1976318359375,536,1602470855791
-0.7919921875,-0.442626953125,0.25,536,1602470855798
-0.88623046875,-0.3863525390625,0.25146484375,537,1602470855813
-0.912353515625,-0.3863525390625,0.2987060546875,537,1602470855821
-0.8466796875,-0.4556884765625,0.3541259765625,537,1602470855828
-0.836181640625,-0.5003662109375,0.344482421875,538,1602470855843
-0.827392578125,-0.48095703125,0.344970703125,538,1602470855851
-0.7852783203125,-0.4215087890625,0.3851318359375,538,1602470855858
-0.8048095703125,-0.3843994140625,0.42919921875,538,1602470855873
-0.9398193359375,-0.4193115234375,0.343017578125,539,1602470855881
-1.0029296875,-0.4881591796875,0.3343505859375,539,1602470855888
-0.919677734375,-0.5186767578125,0.3525390625,539,1602470855903
-0.8521728515625,-0.4708251953125,0.3741455078125,540,1602470855911
-0.8206787109375,-0.384765625,0.4429931640625,540,1602470855918
-0.82958984375,-0.34716796875,0.4505615234375,540,1602470855933
-0.84521484375,-0.3489990234375,0.43701171875,540,1602470855941
-0.799560546875,-0.361328125,0.44580078125,541,1602470855948
-0.702392578125,-0.3902587890625,0.5137939453125,541,1602470855963
-0.6385498046875,-0.4073486328125,0.5386962890625,541,1602470855971
-0.648193359375,-0.40673828125,0.49609375,542,1602470855978
-0.72900390625,-0.390625,0.476318359375,542,1602470855993
-0.794189453125,-0.3865966796875,0.4447021484375,542,1602470856001
-0.8284912109375,-0.401611328125,0.4261474609375,542,1602470856008
-0.8629150390625,-0.4188232421875,0.43408203125,543,1602470856023
-0.86572265625,-0.4173583984375,0.4332275390625,543,1602470856031
-0.836181640625,-0.4158935546875,0.42431640625,543,1602470856038
-0.83251953125,-0.411376953125,0.3968505859375,544,1602470856053
-0.86962890625,-0.40478515625,0.40869140625,544,1602470856061
-0.885009765625,-0.415771484375,0.417236328125,544,1602470856068
-0.861083984375,-0.4342041015625,0.3604736328125,545,1602470856083
-0.8419189453125,-0.4298095703125,0.35595703125,545,1602470856091
-0.8563232421875,-0.4189453125,0.3524169921875,545,1602470856098
-0.9427490234375,-0.4207763671875,0.2559814453125,546,1602470856113
-1.032470703125,-0.4136962890625,0.216064453125,546,1602470856121
-1.049072265625,-0.39599609375,0.26513671875,546,1602470856128
-1.0345458984375,-0.40576171875,0.2421875,546,1602470856143
-0.9481201171875,-0.410888671875,0.2774658203125,547,1602470856151
-0.7813720703125,-0.4124755859375,0.38037109375,547,1602470856158
-0.6610107421875,-0.385009765625,0.43603515625,547,1602470856173
-0.600341796875,-0.367431640625,0.459716796875,548,1602470856181
-0.6019287109375,-0.388916015625,0.4359130859375,548,1602470856188
-0.738037109375,-0.440673828125,0.4146728515625,548,1602470856203
-0.940185546875,-0.505615234375,0.318603515625,549,1602470856211
-1.130859375,-0.549072265625,0.2493896484375,549,1602470856218
-1.077880859375,-0.5380859375,0.31689453125,549,1602470856233
-0.9022216796875,-0.4580078125,0.34814453125,549,1602470856241
-0.7496337890625,-0.3670654296875,0.3629150390625,550,1602470856248
-0.657958984375,-0.3302001953125,0.4156494140625,550,1602470856263
-0.6942138671875,-0.3668212890625,0.4298095703125,550,1602470856271
-0.832763671875,-0.427978515625,0.3594970703125,551,1602470856278
-0.9049072265625,-0.4544677734375,0.424560546875,551,1602470856293
-0.832275390625,-0.438720703125,0.4451904296875,551,1602470856301
-0.9002685546875,-0.4061279296875,0.3883056640625,551,1602470856308
-0.9072265625,-0.3935546875,0.32861328125,552,1602470856323
-0.846435546875,-0.429931640625,0.31591796875,552,1602470856331
-0.800048828125,-0.4573974609375,0.274169921875,552,1602470856339
-0.784912109375,-0.4376220703125,0.20263671875,553,1602470856353
-0.7742919921875,-0.42431640625,0.230224609375,553,1602470856361
-0.765625,-0.462646484375,0.2550048828125,553,1602470856368
-0.775390625,-0.4989013671875,0.2698974609375,554,1602470856383
-0.7840576171875,-0.4915771484375,0.2799072265625,554,1602470856391
-0.854248046875,-0.4808349609375,0.2684326171875,554,1602470856398
-0.99951171875,-0.4573974609375,0.25341796875,555,1602470856413
-1.0672607421875,-0.4149169921875,0.3480224609375,555,1602470856421
-1.0650634765625,-0.3984375,0.343017578125,555,1602470856428
-1.098876953125,-0.364501953125,0.2777099609375,555,1602470856443
-0.83154296875,-0.3563232421875,0.424072265625,556,1602470856451
-0.5369873046875,-0.3748779296875,0.49609375,556,1602470856458
-0.524658203125,-0.3875732421875,0.472900390625,556,1602470856473
-0.70751953125,-0.403076171875,0.2764892578125,557,1602470856481
-0.77587890625,-0.4232177734375,0.36181640625,557,1602470856488
-1.0399169921875,-0.503173828125,0.525146484375,557,1602470856503
-1.0743408203125,-0.587646484375,0.4044189453125,557,1602470856511
-0.873779296875,-0.4674072265625,0.2935791015625,558,1602470856518
-0.7420654296875,-0.3822021484375,0.3302001953125,558,1602470856533
-0.87744140625,-0.4407958984375,0.29541015625,558,1602470856541
-1.00927734375,-0.47021484375,0.2921142578125,559,1602470856548
-0.9385986328125,-0.4576416015625,0.2808837890625,559,1602470856563
-0.88232421875,-0.4739990234375,0.2958984375,559,1602470856571
-0.7421875,-0.4700927734375,0.3104248046875,560,1602470856578
-0.5352783203125,-0.4290771484375,0.384521484375,560,1602470856593
-0.46435546875,-0.3731689453125,0.41796875,560,1602470856601
-0.5885009765625,-0.296630859375,0.3731689453125,560,1602470856608
-0.93798828125,-0.3056640625,0.363037109375,561,1602470856616
-1.2227783203125,-0.431640625,0.3529052734375,561,1602470856631
-1.18310546875,-0.5406494140625,0.3358154296875,561,1602470856638
-0.9593505859375,-0.526611328125,0.38037109375,562,1602470856646
-0.7803955078125,-0.4378662109375,0.447021484375,562,1602470856661
-0.8131103515625,-0.39794921875,0.35400390625,562,1602470856668
-1.022216796875,-0.455322265625,0.2659912109375,562,1602470856676
-0.9901123046875,-0.49951171875,0.3372802734375,563,1602470856691
-0.86962890625,-0.4688720703125,0.2362060546875,563,1602470856698
-0.823486328125,-0.392578125,0.2537841796875,563,1602470856706
-0.73046875,-0.3421630859375,0.320068359375,564,1602470856721
-0.7203369140625,-0.3502197265625,0.3468017578125,564,1602470856728
-0.83154296875,-0.3865966796875,0.31982421875,564,1602470856736
-0.90673828125,-0.4281005859375,0.3143310546875,565,1602470856751
-0.81689453125,-0.445556640625,0.369140625,565,1602470856758
-0.7457275390625,-0.439697265625,0.38720703125,565,1602470856766
-0.7681884765625,-0.424560546875,0.3714599609375,566,1602470856781
-0.77392578125,-0.423828125,0.345458984375,566,1602470856788
-0.8060302734375,-0.44677734375,0.30029296875,566,1602470856796
-0.845947265625,-0.45654296875,0.2587890625,566,1602470856811
-0.849365234375,-0.44775390625,0.258544921875,567,1602470856818
-0.86279296875,-0.4478759765625,0.299072265625,567,1602470856826
-0.9150390625,-0.4552001953125,0.372802734375,567,1602470856841
-0.9354248046875,-0.450927734375,0.3779296875,568,1602470856848
-0.9302978515625,-0.4373779296875,0.3824462890625,568,1602470856856
-0.92431640625,-0.4256591796875,0.3731689453125,568,1602470856871
-1.009521484375,-0.405029296875,0.2718505859375,568,1602470856878
-0.8330078125,-0.38720703125,0.4884033203125,569,1602470856886
-0.5059814453125,-0.363525390625,0.6761474609375,569,1602470856901
-0.6895751953125,-0.3494873046875,0.7493896484375,569,1602470856909
-0.710205078125,-0.3255615234375,0.6727294921875,570,1602470856916
-0.70166015625,-0.3046875,0.6566162109375,570,1602470856931
-0.8126220703125,-0.33447265625,0.531982421875,570,1602470856939
-1.0003662109375,-0.407470703125,0.241455078125,571,1602470856946
-1.0234375,-0.4991455078125,0.10107421875,571,1602470856961
-0.76904296875,-0.5311279296875,0.19287109375,571,1602470856968
-0.5814208984375,-0.4952392578125,0.402587890625,571,1602470856976
-0.569580078125,-0.430419921875,0.4825439453125,572,1602470856991
-0.666748046875,-0.4029541015625,0.482666015625,572,1602470856998
-0.861083984375,-0.4373779296875,0.5086669921875,572,1602470857006
-0.9033203125,-0.4786376953125,0.4365234375,573,1602470857021
-1.3084716796875,-0.594970703125,0.4163818359375,573,1602470857028
-1.094970703125,-0.6268310546875,0.561767578125,573,1602470857036
-0.1539306640625,-0.4217529296875,0.655517578125,574,1602470857051
-0.41015625,-0.217529296875,0.5018310546875,574,1602470857058
-1.1832275390625,-0.2816162109375,0.4510498046875,574,1602470857066
-1.1064453125,-0.401611328125,0.530029296875,575,1602470857081
-0.703125,-0.480224609375,0.5709228515625,575,1602470857088
-0.5252685546875,-0.36083984375,0.6416015625,575,1602470857096
-0.6158447265625,-0.229248046875,0.6978759765625,575,1602470857111
-0.8748779296875,-0.3072509765625,0.65673828125,576,1602470857118
-0.8631591796875,-0.437255859375,0.559814453125,576,1602470857126
-0.7591552734375,-0.501220703125,0.55810546875,576,1602470857141
-0.743408203125,-0.4676513671875,0.60205078125,576,1602470857148
-0.6392822265625,-0.4134521484375,0.6151123046875,577,1602470857156
-0.5673828125,-0.3800048828125,0.6513671875,577,1602470857171
-0.43994140625,-0.3621826171875,0.6505126953125,577,1602470857178
-0.2586669921875,-0.3597412109375,0.672119140625,578,1602470857186
-0.3941650390625,-0.3472900390625,0.7060546875,578,1602470857201
-0.7191162109375,-0.3775634765625,0.665771484375,578,1602470857208
-0.872314453125,-0.45263671875,0.60595703125,579,1602470857216
-0.8802490234375,-0.5101318359375,0.57958984375,579,1602470857231
-0.8128662109375,-0.493408203125,0.60400390625,579,1602470857238
-0.7705078125,-0.437744140625,0.5716552734375,579,1602470857246
-0.7657470703125,-0.4017333984375,0.49853515625,580,1602470857261
-0.7322998046875,-0.4146728515625,0.507080078125,580,1602470857268
-0.685791015625,-0.417236328125,0.51416015625,580,1602470857276
-0.693359375,-0.3953857421875,0.5277099609375,581,1602470857291
-0.746337890625,-0.3922119140625,0.5577392578125,581,1602470857298
-0.7376708984375,-0.43115234375,0.5272216796875,581,1602470857306
-0.6982421875,-0.453125,0.576904296875,582,1602470857321
-0.681884765625,-0.44580078125,0.6070556640625,582,1602470857328
-0.665283203125,-0.44287109375,0.6236572265625,582,1602470857336
-0.61474609375,-0.420654296875,0.6405029296875,583,1602470857351
-0.580810546875,-0.3914794921875,0.597900390625,583,1602470857358
-0.6392822265625,-0.3895263671875,0.56201171875,583,1602470857366
-0.7132568359375,-0.4239501953125,0.55224609375,584,1602470857381
-0.7216796875,-0.45947265625,0.5439453125,584,1602470857388
-0.739013671875,-0.4605712890625,0.58203125,584,1602470857396
-0.7974853515625,-0.45263671875,0.6383056640625,584,1602470857411
-0.7855224609375,-0.4588623046875,0.6160888671875,585,1602470857418
-0.7601318359375,-0.4534912109375,0.64111328125,585,1602470857426
-0.7449951171875,-0.421630859375,0.590087890625,585,1602470857441
-0.737548828125,-0.40087890625,0.53125,585,1602470857448
-0.7186279296875,-0.4071044921875,0.5052490234375,586,1602470857456
-0.69921875,-0.4212646484375,0.4847412109375,586,1602470857471
-0.7322998046875,-0.4217529296875,0.51953125,586,1602470857478
-0.7230224609375,-0.419189453125,0.5545654296875,587,1602470857486
-0.6954345703125,-0.428955078125,0.5821533203125,587,1602470857501
-0.702880859375,-0.44140625,0.643798828125,587,1602470857508
-0.69580078125,-0.4471435546875,0.646240234375,587,1602470857516
-0.6671142578125,-0.43017578125,0.626953125,588,1602470857531
-0.6416015625,-0.405517578125,0.611083984375,588,1602470857538
-0.610107421875,-0.40771484375,0.6187744140625,588,1602470857546
-0.616455078125,-0.417724609375,0.6162109375,589,1602470857561
-0.69677734375,-0.4342041015625,0.60693359375,589,1602470857568
-0.7425537109375,-0.4481201171875,0.5882568359375,589,1602470857576
-0.7088623046875,-0.443115234375,0.566650390625,590,1602470857591
-0.6658935546875,-0.4219970703125,0.563720703125,590,1602470857598
-0.65869140625,-0.40478515625,0.599365234375,590,1602470857606
-0.69189453125,-0.4071044921875,0.64501953125,591,1602470857621
-0.7252197265625,-0.417724609375,0.664794921875,591,1602470857628
-0.7064208984375,-0.42041015625,0.6446533203125,591,1602470857636
-0.6832275390625,-0.4202880859375,0.61328125,592,1602470857651
-0.692138671875,-0.42138671875,0.5997314453125,592,1602470857658
-0.6748046875,-0.427490234375,0.5650634765625,592,1602470857666
-0.6676025390625,-0.4227294921875,0.5272216796875,592,1602470857681
-0.7227783203125,-0.412353515625,0.515869140625,593,1602470857688
-0.7828369140625,-0.43310546875,0.54052734375,593,1602470857696
-0.815185546875,-0.4488525390625,0.583251953125,593,1602470857711
-0.8106689453125,-0.4212646484375,0.594482421875,594,1602470857718
-0.7965087890625,-0.387939453125,0.5753173828125,594,1602470857726
-0.7947998046875,-0.3841552734375,0.4747314453125,594,1602470857733
-0.8065185546875,-0.3758544921875,0.4461669921875,594,1602470857748
-0.7303466796875,-0.3577880859375,0.5103759765625,595,1602470857756
-0.7613525390625,-0.3978271484375,0.5184326171875,595,1602470857763
-0.788818359375,-0.4613037109375,0.584228515625,595,1602470857778
-0.721923828125,-0.489013671875,0.603271484375,596,1602470857786
-0.7022705078125,-0.4833984375,0.5958251953125,596,1602470857793
-0.7177734375,-0.457275390625,0.593505859375,596,1602470857808
-0.7396240234375,-0.44091796875,0.584716796875,596,1602470857816
-0.775634765625,-0.4136962890625,0.5657958984375,597,1602470857823
-0.7755126953125,-0.3983154296875,0.5455322265625,597,1602470857838
-0.7728271484375,-0.42236328125,0.525634765625,597,1602470857846
-0.77490234375,-0.4443359375,0.5096435546875,598,1602470857853
-0.7576904296875,-0.44921875,0.515869140625,598,1602470857868
-0.6982421875,-0.4461669921875,0.52001953125,598,1602470857876
-0.679443359375,-0.4324951171875,0.4984130859375,598,1602470857883
-0.750732421875,-0.42578125,0.498291015625,599,1602470857898
-0.7979736328125,-0.43603515625,0.5208740234375,599,1602470857906
-0.792236328125,-0.44287109375,0.4923095703125,599,1602470857913
-0.79541015625,-0.42041015625,0.4949951171875,600,1602470857928
-0.8143310546875,-0.413330078125,0.5072021484375,600,1602470857936
-0.8115234375,-0.4173583984375,0.537841796875,600,1602470857943
-0.7574462890625,-0.4189453125,0.5810546875,601,1602470857958
-0.677490234375,-0.4244384765625,0.591064453125,601,1602470857966
-0.6181640625,-0.43017578125,0.5914306640625,601,1602470857973
-0.583251953125,-0.4278564453125,0.574951171875,602,1602470857988
-0.5794677734375,-0.4384765625,0.5645751953125,602,1602470857996
-0.6207275390625,-0.4462890625,0.5697021484375,602,1602470858003
-0.6951904296875,-0.444091796875,0.532958984375,603,1602470858018
-0.8006591796875,-0.4200439453125,0.4791259765625,603,1602470858026
-0.8353271484375,-0.4300537109375,0.52734375,603,1602470858033
-0.778076171875,-0.473388671875,0.6513671875,603,1602470858048
-0.790771484375,-0.4229736328125,0.7529296875,604,1602470858056
-0.836669921875,-0.33349609375,0.767333984375,604,1602470858063
-0.5225830078125,-0.3536376953125,0.82470703125,604,1602470858078
-0.171142578125,-0.3848876953125,0.8399658203125,605,1602470858086
-0.31689453125,-0.3548583984375,0.6265869140625,605,1602470858093
-0.6240234375,-0.4151611328125,0.4854736328125,605,1602470858108
-0.8209228515625,-0.5718994140625,0.4190673828125,605,1602470858116
-0.843994140625,-0.58740234375,0.4898681640625,606,1602470858123
-0.7525634765625,-0.4498291015625,0.6455078125,606,1602470858139
-0.693603515625,-0.36669921875,0.755615234375,606,1602470858146
-0.699951171875,-0.3663330078125,0.826416015625,607,1602470858154
-0.7166748046875,-0.3975830078125,0.8070068359375,607,1602470858169
-0.6844482421875,-0.4267578125,0.7393798828125,607,1602470858176
-0.595703125,-0.459228515625,0.6373291015625,607,1602470858183
-0.574462890625,-0.4375,0.475341796875,608,1602470858198
-0.579833984375,-0.398193359375,0.436767578125,608,1602470858206
-0.7303466796875,-0.416015625,0.500732421875,608,1602470858213
-0.84326171875,-0.409912109375,0.55859375,609,1602470858228
-0.6544189453125,-0.34912109375,0.63134765625,609,1602470858236
-0.4613037109375,-0.321044921875,0.6978759765625,609,1602470858243
-0.5096435546875,-0.3304443359375,0.7315673828125,610,1602470858258
-0.6876220703125,-0.3914794921875,0.66552734375,610,1602470858266
-0.8377685546875,-0.5169677734375,0.5650634765625,610,1602470858273
-0.85107421875,-0.5970458984375,0.5001220703125,611,1602470858288
-0.7933349609375,-0.5516357421875,0.5467529296875,611,1602470858296
-0.6876220703125,-0.4110107421875,0.6473388671875,611,1602470858303
-0.557373046875,-0.306640625,0.718017578125,612,1602470858318
-0.5321044921875,-0.2872314453125,0.726806640625,612,1602470858326
-0.6197509765625,-0.3333740234375,0.717041015625,612,1602470858333
-0.712890625,-0.4166259765625,0.7010498046875,612,1602470858348
-0.70849609375,-0.4765625,0.6551513671875,613,1602470858356
-0.6439208984375,-0.4677734375,0.6153564453125,613,1602470858364
-0.6761474609375,-0.4285888671875,0.615478515625,613,1602470858378
-0.74560546875,-0.392822265625,0.630615234375,614,1602470858386
-0.7474365234375,-0.37890625,0.66943359375,614,1602470858393
-0.7376708984375,-0.377685546875,0.69091796875,614,1602470858408
-0.7403564453125,-0.37255859375,0.71142578125,614,1602470858416
-0.71533203125,-0.380859375,0.6722412109375,615,1602470858423
-0.69189453125,-0.40185546875,0.6114501953125,615,1602470858438
-0.6529541015625,-0.4154052734375,0.554443359375,615,1602470858446
-0.6246337890625,-0.4273681640625,0.5574951171875,616,1602470858454
-0.646484375,-0.4302978515625,0.5999755859375,616,1602470858468
-0.6875,-0.4259033203125,0.6463623046875,616,1602470858476
-0.7008056640625,-0.4185791015625,0.662353515625,616,1602470858483
-0.674560546875,-0.410400390625,0.6396484375,617,1602470858498
-0.6759033203125,-0.401123046875,0.628173828125,617,1602470858506
-0.6536865234375,-0.3922119140625,0.5859375,617,1602470858513
-0.63134765625,-0.39404296875,0.568115234375,618,1602470858529
-0.6783447265625,-0.40283203125,0.577392578125,618,1602470858536
-0.7064208984375,-0.4075927734375,0.58740234375,618,1602470858544
-0.6968994140625,-0.4190673828125,0.60546875,619,1602470858558
-0.6986083984375,-0.4344482421875,0.630859375,619,1602470858566
-0.6934814453125,-0.4495849609375,0.659912109375,619,1602470858574
-0.6541748046875,-0.4473876953125,0.67138671875,620,1602470858588
-0.6383056640625,-0.4224853515625,0.65234375,620,1602470858596
-0.6546630859375,-0.389892578125,0.6234130859375,620,1602470858603
-0.65673828125,-0.37109375,0.616455078125,620,1602470858618
-0.649658203125,-0.3734130859375,0.6226806640625,621,1602470858626
-0.675537109375,-0.3841552734375,0.61962890625,621,1602470858633
-0.6964111328125,-0.4033203125,0.6112060546875,621,1602470858648
-0.699951171875,-0.4136962890625,0.611328125,622,1602470858656
-0.6905517578125,-0.42236328125,0.6201171875,622,1602470858663
-0.6962890625,-0.43212890625,0.602294921875,622,1602470858678
-0.7076416015625,-0.42724609375,0.613037109375,623,1602470858686
-0.7249755859375,-0.41455078125,0.6494140625,623,1602470858693
-0.7203369140625,-0.402587890625,0.668701171875,623,1602470858708
-0.697265625,-0.389404296875,0.6739501953125,623,1602470858716
-0.66796875,-0.379638671875,0.657470703125,624,1602470858723
-0.6697998046875,-0.3785400390625,0.6138916015625,624,1602470858739
-0.706787109375,-0.41259765625,0.5693359375,624,1602470858746
-0.7037353515625,-0.4412841796875,0.5560302734375,625,1602470858754
-0.7037353515625,-0.4444580078125,0.58544921875,625,1602470858769
-0.7568359375,-0.4561767578125,0.6168212890625,625,1602470858776
-0.7542724609375,-0.4637451171875,0.6474609375,625,1602470858784
-0.6605224609375,-0.403564453125,0.66259765625,626,1602470858798
-0.6273193359375,-0.3284912109375,0.6627197265625,626,1602470858806
-0.6761474609375,-0.32275390625,0.6585693359375,626,1602470858813
-0.6998291015625,-0.3763427734375,0.627197265625,627,1602470858821
-0.6939697265625,-0.4349365234375,0.5855712890625,627,1602470858836
-0.6824951171875,-0.458251953125,0.57373046875,627,1602470858843
-0.6932373046875,-0.444091796875,0.5728759765625,627,1602470858851
-0.708251953125,-0.421875,0.522705078125,628,1602470858866
-0.7845458984375,-0.4041748046875,0.5377197265625,628,1602470858873
-0.6832275390625,-0.3983154296875,0.65087890625,628,1602470858881
-0.66552734375,-0.3741455078125,0.63330078125,629,1602470858896
-0.7139892578125,-0.387451171875,0.6695556640625,629,1602470858903
-0.48876953125,-0.4176025390625,0.773681640625,629,1602470858911
-0.567138671875,-0.375244140625,0.66015625,630,1602470858926
-0.8992919921875,-0.3765869140625,0.513427734375,630,1602470858933
-0.68359375,-0.4554443359375,0.6229248046875,630,1602470858941
-0.5838623046875,-0.46337890625,0.5743408203125,631,1602470858956
-0.82763671875,-0.4400634765625,0.570068359375,631,1602470858964
-0.734375,-0.44091796875,0.6107177734375,631,1602470858971
-0.6783447265625,-0.4310302734375,0.6358642578125,631,1602470858986
-0.7149658203125,-0.38232421875,0.6495361328125,632,1602470858994
-0.6783447265625,-0.392822265625,0.6318359375,632,1602470859001
-0.63623046875,-0.400146484375,0.6158447265625,632,1602470859016
-0.6319580078125,-0.3905029296875,0.6131591796875,633,1602470859023
-0.6495361328125,-0.425048828125,0.62353515625,633,1602470859031
-0.67041015625,-0.44677734375,0.6407470703125,633,1602470859046
-0.691650390625,-0.434814453125,0.62255859375,634,1602470859053
-0.8079833984375,-0.4136962890625,0.625,634,1602470859061
-0.9317626953125,-0.3995361328125,0.635009765625,634,1602470859076
-0.72802734375,-0.3824462890625,0.6414794921875,634,1602470859083
-0.4415283203125,-0.3431396484375,0.6763916015625,635,1602470859091
-0.3873291015625,-0.310791015625,0.6983642578125,635,1602470859106
-0.6199951171875,-0.3358154296875,0.699951171875,635,1602470859113
-0.7489013671875,-0.423828125,0.6513671875,636,1602470859121
-0.6441650390625,-0.46630859375,0.6602783203125,636,1602470859136
-0.599365234375,-0.4727783203125,0.666015625,636,1602470859143
-0.6031494140625,-0.463134765625,0.67578125,636,1602470859151
-0.6405029296875,-0.4202880859375,0.6783447265625,637,1602470859166
-0.6728515625,-0.3785400390625,0.6820068359375,637,1602470859174
-0.61865234375,-0.35498046875,0.6910400390625,637,1602470859181
-0.5955810546875,-0.362548828125,0.691162109375,638,1602470859196
-0.64501953125,-0.3956298828125,0.65380859375,638,1602470859204
-0.655029296875,-0.4248046875,0.6072998046875,638,1602470859211
-0.66748046875,-0.4251708984375,0.5809326171875,639,1602470859226
-0.6998291015625,-0.4385986328125,0.5914306640625,639,1602470859233
-0.7088623046875,-0.44189453125,0.6220703125,639,1602470859241
-0.736328125,-0.4227294921875,0.639892578125,639,1602470859256
-0.7763671875,-0.409912109375,0.68115234375,640,1602470859263
-0.716064453125,-0.404296875,0.7275390625,640,1602470859271
-0.62451171875,-0.373046875,0.7127685546875,640,1602470859286
-0.6031494140625,-0.361572265625,0.65673828125,641,1602470859293
-0.761962890625,-0.4029541015625,0.65771484375,641,1602470859301
-0.815673828125,-0.46484375,0.632080078125,641,1602470859316
-0.371826171875,-0.424560546875,0.6236572265625,642,1602470859324
-0.46337890625,-0.344970703125,0.64013671875,642,1602470859331
-0.7242431640625,-0.402587890625,0.6241455078125,642,1602470859346
-0.62744140625,-0.4393310546875,0.65771484375,642,1602470859354
-0.6287841796875,-0.39453125,0.686767578125,643,1602470859361
-0.670654296875,-0.3714599609375,0.6925048828125,643,1602470859376
-0.65185546875,-0.37255859375,0.6641845703125,643,1602470859383
-0.6944580078125,-0.3922119140625,0.6221923828125,644,1602470859391
-0.6954345703125,-0.426513671875,0.597900390625,644,1602470859406
-0.6552734375,-0.444580078125,0.6312255859375,644,1602470859414
-0.6591796875,-0.4293212890625,0.6729736328125,645,1602470859421
-0.6644287109375,-0.409423828125,0.689697265625,645,1602470859436
-0.6468505859375,-0.3924560546875,0.6864013671875,645,1602470859443
-0.6409912109375,-0.375244140625,0.67236328125,645,1602470859451
-0.637939453125,-0.36181640625,0.6683349609375,646,1602470859466
-0.7056884765625,-0.352783203125,0.69873046875,646,1602470859473
-0.721923828125,-0.3623046875,0.7275390625,646,1602470859481
-0.6629638671875,-0.3917236328125,0.7689208984375,647,1602470859496
-0.6492919921875,-0.38330078125,0.7740478515625,647,1602470859504
-0.6881103515625,-0.37060546875,0.7369384765625,647,1602470859511
-0.707275390625,-0.397705078125,0.7171630859375,648,1602470859526
-0.714599609375,-0.41748046875,0.7327880859375,648,1602470859533
-0.735107421875,-0.4068603515625,0.7568359375,648,1602470859541
-0.7801513671875,-0.3880615234375,0.779541015625,648,1602470859556
-0.8240966796875,-0.4090576171875,0.768798828125,649,1602470859564
-0.808349609375,-0.4276123046875,0.784423828125,649,1602470859571
-0.687744140625,-0.3837890625,0.8099365234375,649,1602470859586
-0.504638671875,-0.35302734375,0.8321533203125,650,1602470859594
-0.3399658203125,-0.3746337890625,0.871826171875,650,1602470859601
-0.339599609375,-0.3974609375,0.808349609375,650,1602470859616
-0.4722900390625,-0.3668212890625,0.8739013671875,650,1602470859624
-0.44873046875,-0.256591796875,0.8612060546875,651,1602470859631
-0.5806884765625,-0.26171875,0.4808349609375,651,1602470859646
-0.751708984375,-0.38916015625,0.390380859375,651,1602470859654
-0.646728515625,-0.4344482421875,0.32763671875,652,1602470859661
-0.5130615234375,-0.503662109375,0.2620849609375,652,1602470859676
-0.5238037109375,-0.5277099609375,0.216796875,652,1602470859684
-0.5703125,-0.519775390625,0.1700439453125,653,1602470859691
-0.5955810546875,-0.5223388671875,0.049560546875,653,1602470859706
-0.6915283203125,-0.52734375,-0.013427734375,653,1602470859714
-0.768310546875,-0.53125,-0.067138671875,653,1602470859721
-0.829833984375,-0.5386962890625,-0.121826171875,654,1602470859736
-0.9681396484375,-0.5555419921875,-0.13232421875,654,1602470859744
-0.988037109375,-0.5819091796875,-0.172607421875,654,1602470859751
-0.897216796875,-0.570556640625,-0.1170654296875,655,1602470859766
-0.7802734375,-0.535400390625,-0.066650390625,655,1602470859774
-0.81494140625,-0.490966796875,-0.066650390625,655,1602470859781
-1.064453125,-0.419921875,0.106201171875,656,1602470859796
-1.111328125,-0.4171142578125,0.219970703125,656,1602470859804
-1.0843505859375,-0.4642333984375,0.1556396484375,656,1602470859811
-1.09765625,-0.4617919921875,0.122802734375,657,1602470859826
-0.9876708984375,-0.400390625,0.1572265625,657,1602470859834
-0.86083984375,-0.304931640625,0.1536865234375,657,1602470859841
-0.6248779296875,-0.2821044921875,0.177734375,657,1602470859856
-0.4998779296875,-0.31787109375,0.071044921875,658,1602470859864
-0.7886962890625,-0.322265625,-0.085205078125,658,1602470859871
-1.1002197265625,-0.4051513671875,-0.2286376953125,658,1602470859886
-1.1712646484375,-0.4844970703125,-0.2813720703125,659,1602470859894
-1.052734375,-0.458251953125,-0.173583984375,659,1602470859901
-0.891357421875,-0.3763427734375,-0.0992431640625,659,1602470859916
-0.7430419921875,-0.302490234375,-0.2825927734375,659,1602470859924
-0.5640869140625,-0.3023681640625,-0.3507080078125,660,1602470859931
-0.4456787109375,-0.332275390625,-0.4027099609375,660,1602470859939
-0.8143310546875,-0.3839111328125,-0.4537353515625,660,1602470859954
-1.0760498046875,-0.517822265625,-0.3306884765625,661,1602470859961
-0.9981689453125,-0.6307373046875,-0.254638671875,661,1602470859969
-0.88916015625,-0.5928955078125,-0.3984375,661,1602470859984
-0.787353515625,-0.489990234375,-0.43017578125,661,1602470859991
-0.6820068359375,-0.424560546875,-0.4642333984375,662,1602470859999
-0.68408203125,-0.402587890625,-0.5428466796875,662,1602470860014
-0.7325439453125,-0.4124755859375,-0.6361083984375,662,1602470860021
-0.74267578125,-0.432861328125,-0.6805419921875,663,1602470860029
-0.778076171875,-0.4124755859375,-0.680908203125,663,1602470860044
-0.824951171875,-0.3455810546875,-0.701416015625,663,1602470860051
-0.893798828125,-0.2705078125,-0.5318603515625,664,1602470860059
-1.0789794921875,-0.2396240234375,-0.4268798828125,664,1602470860074
-1.272705078125,-0.2781982421875,-0.5050048828125,664,1602470860081
-1.18310546875,-0.378662109375,-0.510009765625,664,1602470860089
-0.5087890625,-0.429931640625,-0.5238037109375,665,1602470860104
-0.2066650390625,-0.3741455078125,-0.6103515625,665,1602470860111
-0.4132080078125,-0.350341796875,-0.6597900390625,665,1602470860119
-0.570068359375,-0.3856201171875,-0.6102294921875,666,1602470860134
-0.74169921875,-0.4117431640625,-0.5123291015625,666,1602470860141
-0.92333984375,-0.46923828125,-0.543212890625,666,1602470860149
-1.0833740234375,-0.5294189453125,-0.6217041015625,667,1602470860164
-1.038330078125,-0.467041015625,-0.591796875,667,1602470860171
-0.8826904296875,-0.314453125,-0.5802001953125,667,1602470860179
-0.7349853515625,-0.2274169921875,-0.6585693359375,668,1602470860194
-0.662353515625,-0.2911376953125,-0.777587890625,668,1602470860201
-0.5660400390625,-0.3662109375,-0.7578125,668,1602470860209
-0.6116943359375,-0.3575439453125,-0.7020263671875,668,1602470860224
-0.858154296875,-0.3135986328125,-0.70654296875,669,1602470860231
-1.0782470703125,-0.346435546875,-0.694091796875,669,1602470860239
-1.0301513671875,-0.3807373046875,-0.5750732421875,669,1602470860254
-0.849853515625,-0.335205078125,-0.502197265625,669,1602470860261
-0.7713623046875,-0.2330322265625,-0.51416015625,670,1602470860269
-0.7269287109375,-0.2288818359375,-0.5584716796875,670,1602470860284
-0.6727294921875,-0.2794189453125,-0.5694580078125,670,1602470860291
-0.609619140625,-0.35546875,-0.590087890625,671,1602470860299
-0.54833984375,-0.4150390625,-0.6612548828125,671,1602470860314
-0.5406494140625,-0.430908203125,-0.677734375,671,1602470860321
-0.6224365234375,-0.4444580078125,-0.6199951171875,672,1602470860329
-0.6846923828125,-0.443603515625,-0.5745849609375,672,1602470860344
-0.6673583984375,-0.4332275390625,-0.5557861328125,672,1602470860351
-0.65576171875,-0.4327392578125,-0.55517578125,672,1602470860359
-0.6732177734375,-0.421630859375,-0.57177734375,673,1602470860374
-0.67529296875,-0.3934326171875,-0.61083984375,673,1602470860381
-0.632568359375,-0.3690185546875,-0.6053466796875,673,1602470860389
-0.6231689453125,-0.354736328125,-0.6082763671875,674,1602470860404
-0.6470947265625,-0.34033203125,-0.5780029296875,674,1602470860411
-0.7061767578125,-0.3546142578125,-0.5577392578125,674,1602470860419
-0.759033203125,-0.41064453125,-0.55712890625,675,1602470860434
-0.755615234375,-0.4361572265625,-0.551025390625,675,1602470860441
-0.708740234375,-0.41943359375,-0.580810546875,675,1602470860449
-0.657470703125,-0.3828125,-0.6402587890625,676,1602470860464
-0.6453857421875,-0.3590087890625,-0.6318359375,676,1602470860471
-0.675537109375,-0.34423828125,-0.5911865234375,676,1602470860479
-0.7608642578125,-0.313720703125,-0.5531005859375,677,1602470860494
-0.8575439453125,-0.3369140625,-0.5428466796875,677,1602470860501
-0.8795166015625,-0.3978271484375,-0.5338134765625,677,1602470860509
-0.8428955078125,-0.420166015625,-0.5693359375,677,1602470860524
-0.797119140625,-0.406982421875,-0.6121826171875,678,1602470860531
-0.7430419921875,-0.401123046875,-0.674072265625,678,1602470860539
-0.7138671875,-0.4117431640625,-0.7249755859375,678,1602470860554
-0.65087890625,-0.4105224609375,-0.6973876953125,679,1602470860561
-0.523193359375,-0.383056640625,-0.6275634765625,679,1602470860569
-0.568115234375,-0.3497314453125,-0.6009521484375,679,1602470860584
-0.7327880859375,-0.3458251953125,-0.6258544921875,679,1602470860591
-0.786865234375,-0.3782958984375,-0.64453125,680,1602470860599
-0.7606201171875,-0.412841796875,-0.651123046875,680,1602470860614
-0.711181640625,-0.4171142578125,-0.6593017578125,680,1602470860621
-0.6781005859375,-0.3885498046875,-0.621337890625,680,1602470860629
-0.7374267578125,-0.3546142578125,-0.5648193359375,681,1602470860644
-0.840576171875,-0.358154296875,-0.5538330078125,681,1602470860651
-0.8642578125,-0.392333984375,-0.559814453125,681,1602470860659
-0.7337646484375,-0.416015625,-0.570068359375,682,1602470860674
-0.54296875,-0.3978271484375,-0.5404052734375,682,1602470860681
-0.5103759765625,-0.36572265625,-0.541259765625,682,1602470860689
-0.62255859375,-0.36181640625,-0.566162109375,683,1602470860704
-0.7608642578125,-0.38427734375,-0.5447998046875,683,1602470860711
-0.8363037109375,-0.393310546875,-0.52392578125,683,1602470860719
-0.8897705078125,-0.378173828125,-0.5211181640625,684,1602470860734
-0.9095458984375,-0.3946533203125,-0.482666015625,684,1602470860741
-0.8035888671875,-0.4075927734375,-0.47265625,684,1602470860749
-0.686767578125,-0.3609619140625,-0.4981689453125,685,1602470860764
-0.6492919921875,-0.320556640625,-0.5645751953125,685,1602470860771
-0.679443359375,-0.322509765625,-0.5799560546875,685,1602470860779
-0.7166748046875,-0.338623046875,-0.5177001953125,686,1602470860794
-0.749755859375,-0.369873046875,-0.4598388671875,686,1602470860801
-0.8201904296875,-0.382568359375,-0.4381103515625,686,1602470860809
-0.9029541015625,-0.3690185546875,-0.4102783203125,686,1602470860824
-0.9072265625,-0.373779296875,-0.3837890625,687,1602470860831
-0.876220703125,-0.415283203125,-0.4122314453125,687,1602470860839
-0.8773193359375,-0.442626953125,-0.4302978515625,687,1602470860854
-0.87353515625,-0.4434814453125,-0.4224853515625,688,1602470860861
-0.8863525390625,-0.42822265625,-0.4046630859375,688,1602470860869
-0.8231201171875,-0.4189453125,-0.3809814453125,688,1602470860884
-0.7052001953125,-0.3956298828125,-0.3726806640625,688,1602470860891
-0.64794921875,-0.3450927734375,-0.3873291015625,689,1602470860899
-0.750244140625,-0.302001953125,-0.3885498046875,689,1602470860914
-0.903564453125,-0.337890625,-0.3992919921875,689,1602470860921
-0.9727783203125,-0.402099609375,-0.4456787109375,689,1602470860929
-0.9625244140625,-0.4063720703125,-0.4488525390625,690,1602470860944
-0.9388427734375,-0.3861083984375,-0.4227294921875,690,1602470860951
-0.8988037109375,-0.378173828125,-0.4412841796875,690,1602470860959
-0.8414306640625,-0.3720703125,-0.466796875,691,1602470860974
-0.7938232421875,-0.3704833984375,-0.47021484375,691,1602470860981
-0.812744140625,-0.376220703125,-0.4801025390625,691,1602470860989
-0.830810546875,-0.38720703125,-0.485107421875,692,1602470861004
-0.8204345703125,-0.3916015625,-0.46728515625,692,1602470861011
-0.8106689453125,-0.40087890625,-0.455810546875,692,1602470861019
-0.7877197265625,-0.4073486328125,-0.4302978515625,693,1602470861041
-0.765380859375,-0.412353515625,-0.3890380859375,693,1602470861049
-0.766357421875,-0.4222412109375,-0.404541015625,693,1602470861056
-0.806640625,-0.4202880859375,-0.4141845703125,694,1602470861064
-0.844482421875,-0.4158935546875,-0.416259765625,694,1602470861071
-0.8380126953125,-0.4012451171875,-0.439453125,694,1602470861079
-0.822998046875,-0.3775634765625,-0.4334716796875,694,1602470861086
-0.8131103515625,-0.3814697265625,-0.409423828125,695,1602470861101
-0.8194580078125,-0.4000244140625,-0.4071044921875,695,1602470861109
-0.8206787109375,-0.4205322265625,-0.414306640625,695,1602470861116
-0.796630859375,-0.4381103515625,-0.454345703125,696,1602470861131
-0.77685546875,-0.4378662109375,-0.477783203125,696,1602470861139
-0.733642578125,-0.4290771484375,-0.4344482421875,696,1602470861146
-0.715087890625,-0.4102783203125,-0.4124755859375,697,1602470861161
-0.80224609375,-0.3931884765625,-0.3890380859375,697,1602470861169
-0.8922119140625,-0.4072265625,-0.3814697265625,697,1602470861176
-0.8994140625,-0.466064453125,-0.4095458984375,697,1602470861191
-0.886474609375,-0.4757080078125,-0.41259765625,698,1602470861199
-0.9283447265625,-0.3367919921875,-0.341552734375,698,1602470861206
-0.8319091796875,-0.2677001953125,-0.2843017578125,698,1602470861221
-0.7476806640625,-0.383056640625,-0.3116455078125,698,1602470861229
-0.9844970703125,-0.496826171875,-0.3868408203125,699,1602470861236
-0.92431640625,-0.50634765625,-0.4256591796875,699,1602470861251
-0.669189453125,-0.4189453125,-0.3433837890625,699,1602470861259
-0.6884765625,-0.3758544921875,-0.3026123046875,700,1602470861266
-0.8226318359375,-0.38720703125,-0.3370361328125,700,1602470861281
-0.869140625,-0.4144287109375,-0.3624267578125,700,1602470861289
-0.92529296875,-0.4215087890625,-0.367431640625,700,1602470861296
-0.9256591796875,-0.423583984375,-0.367431640625,701,1602470861311
-0.8575439453125,-0.4154052734375,-0.361572265625,701,1602470861319
-0.841552734375,-0.400146484375,-0.3822021484375,701,1602470861326
-0.864501953125,-0.4019775390625,-0.408935546875,702,1602470861341
-0.851806640625,-0.4156494140625,-0.4283447265625,702,1602470861349
-0.8580322265625,-0.4169921875,-0.462890625,702,1602470861356
-0.8665771484375,-0.419189453125,-0.438720703125,703,1602470861371
-0.853271484375,-0.4176025390625,-0.38818359375,703,1602470861379
-0.841552734375,-0.41357421875,-0.332763671875,703,1602470861386
-0.8089599609375,-0.4091796875,-0.3218994140625,704,1602470861401
-0.7738037109375,-0.3985595703125,-0.342041015625,704,1602470861409
-0.7659912109375,-0.396728515625,-0.3492431640625,704,1602470861416
-0.8082275390625,-0.415283203125,-0.3636474609375,705,1602470861431
-0.8843994140625,-0.43310546875,-0.357177734375,705,1602470861439
-0.9185791015625,-0.445556640625,-0.3441162109375,705,1602470861446
-0.8704833984375,-0.440185546875,-0.3326416015625,705,1602470861461
-0.8238525390625,-0.4268798828125,-0.3358154296875,706,1602470861469
-0.78955078125,-0.41796875,-0.3663330078125,706,1602470861476
-0.7991943359375,-0.4097900390625,-0.3538818359375,706,1602470861491
-0.8572998046875,-0.4053955078125,-0.3026123046875,707,1602470861499
-0.876708984375,-0.4053955078125,-0.273193359375,707,1602470861506
-0.872802734375,-0.408447265625,-0.2694091796875,707,1602470861521
-0.8746337890625,-0.4102783203125,-0.2696533203125,707,1602470861529
-0.8729248046875,-0.4202880859375,-0.262939453125,708,1602470861536
-0.8690185546875,-0.4307861328125,-0.2525634765625,708,1602470861551
-0.8599853515625,-0.4300537109375,-0.254150390625,708,1602470861559
-0.851806640625,-0.4210205078125,-0.27294921875,709,1602470861566
-0.853759765625,-0.4178466796875,-0.2919921875,709,1602470861581
-0.8494873046875,-0.4244384765625,-0.3016357421875,709,1602470861589
-0.8536376953125,-0.4293212890625,-0.3170166015625,709,1602470861596
-0.871826171875,-0.4342041015625,-0.3089599609375,710,1602470861611
-0.8714599609375,-0.428466796875,-0.281494140625,710,1602470861619
-0.8697509765625,-0.42041015625,-0.2740478515625,710,1602470861626
-0.882568359375,-0.4222412109375,-0.2733154296875,711,1602470861641
-0.898681640625,-0.4229736328125,-0.2738037109375,711,1602470861649
-0.91845703125,-0.4229736328125,-0.303955078125,711,1602470861656
-0.923583984375,-0.4229736328125,-0.3212890625,712,1602470861671
-0.88037109375,-0.4246826171875,-0.328369140625,712,1602470861679
-0.8397216796875,-0.425048828125,-0.312255859375,712,1602470861686
-0.8111572265625,-0.419921875,-0.2757568359375,713,1602470861701
-0.8187255859375,-0.413330078125,-0.25048828125,713,1602470861709
-0.858154296875,-0.4117431640625,-0.26318359375,713,1602470861716
-0.8970947265625,-0.4215087890625,-0.28466796875,713,1602470861731
-0.90283203125,-0.4312744140625,-0.2823486328125,714,1602470861739
-0.889892578125,-0.41943359375,-0.2840576171875,714,1602470861746
-0.881591796875,-0.403076171875,-0.2821044921875,714,1602470861761
-0.8701171875,-0.39501953125,-0.2811279296875,715,1602470861769
-0.86328125,-0.4093017578125,-0.28076171875,715,1602470861776
-0.8526611328125,-0.43310546875,-0.285400390625,715,1602470861791
-0.8360595703125,-0.4439697265625,-0.2838134765625,716,1602470861799
-0.8271484375,-0.4288330078125,-0.276123046875,716,1602470861806
-0.821044921875,-0.4080810546875,-0.2686767578125,716,1602470861821
-0.8486328125,-0.416015625,-0.2803955078125,716,1602470861829
-0.906494140625,-0.442138671875,-0.279052734375,717,1602470861836
-0.908203125,-0.4422607421875,-0.2625732421875,717,1602470861851
-0.87939453125,-0.4219970703125,-0.2550048828125,717,1602470861859
-0.86328125,-0.4197998046875,-0.2493896484375,718,1602470861866
-0.88916015625,-0.4306640625,-0.256591796875,718,1602470861881
-0.9364013671875,-0.4390869140625,-0.2938232421875,718,1602470861889
-0.9200439453125,-0.450927734375,-0.3369140625,718,1602470861896
-0.8582763671875,-0.4422607421875,-0.3472900390625,719,1602470861911
-0.8056640625,-0.42431640625,-0.3331298828125,719,1602470861919
-0.7960205078125,-0.407958984375,-0.3055419921875,719,1602470861926
-0.823974609375,-0.4088134765625,-0.2735595703125,720,1602470861941
-0.8443603515625,-0.4227294921875,-0.239013671875,720,1602470861949
-0.8634033203125,-0.4324951171875,-0.24755859375,720,1602470861956
-0.885498046875,-0.4361572265625,-0.27978515625,721,1602470861971
-0.865478515625,-0.4310302734375,-0.32958984375,721,1602470861979
-0.84619140625,-0.424560546875,-0.3333740234375,721,1602470861986
-0.8612060546875,-0.4300537109375,-0.317626953125,722,1602470862001
-0.8770751953125,-0.432861328125,-0.2998046875,722,1602470862009
-0.8975830078125,-0.421630859375,-0.276123046875,722,1602470862016
-0.9093017578125,-0.41845703125,-0.2703857421875,722,1602470862031
-0.8966064453125,-0.419189453125,-0.2757568359375,723,1602470862039
-0.8736572265625,-0.4119873046875,-0.26904296875,723,1602470862046
-0.8624267578125,-0.4053955078125,-0.265869140625,723,1602470862061
-0.8863525390625,-0.4063720703125,-0.2550048828125,724,1602470862069
-0.9091796875,-0.4093017578125,-0.2447509765625,724,1602470862076
-0.9039306640625,-0.4122314453125,-0.241943359375,724,1602470862091
-0.8824462890625,-0.4056396484375,-0.244384765625,724,1602470862099
-0.858154296875,-0.397705078125,-0.2603759765625,725,1602470862106
-0.860107421875,-0.3916015625,-0.275146484375,725,1602470862121
-0.8988037109375,-0.39404296875,-0.26220703125,725,1602470862129
-0.9271240234375,-0.4049072265625,-0.239990234375,726,1602470862136
-0.933349609375,-0.4134521484375,-0.2122802734375,726,1602470862151
-0.9263916015625,-0.4149169921875,-0.1724853515625,726,1602470862159
-0.8966064453125,-0.4200439453125,-0.15771484375,727,1602470862166
-0.8482666015625,-0.4244384765625,-0.15234375,727,1602470862174
-0.828369140625,-0.42138671875,-0.169189453125,727,1602470862189
-0.8946533203125,-0.414794921875,-0.210205078125,727,1602470862196
-0.9691162109375,-0.40234375,-0.23095703125,728,1602470862204
-0.98779296875,-0.411376953125,-0.23974609375,728,1602470862219
-0.9642333984375,-0.423583984375,-0.2384033203125,728,1602470862226
-0.92626953125,-0.4158935546875,-0.2271728515625,729,1602470862234
-0.8975830078125,-0.4097900390625,-0.2181396484375,729,1602470862249
-0.8759765625,-0.411376953125,-0.214599609375,729,1602470862256
-0.8555908203125,-0.4119873046875,-0.213623046875,729,1602470862264
-0.84716796875,-0.4168701171875,-0.2254638671875,730,1602470862279
-0.8603515625,-0.4150390625,-0.236328125,730,1602470862286
-0.8916015625,-0.39892578125,-0.231201171875,730,1602470862294
-0.9317626953125,-0.365478515625,-0.163330078125,731,1602470862309
-0.921142578125,-0.3641357421875,-0.1629638671875,731,1602470862316
-0.8603515625,-0.406005859375,-0.139892578125,731,1602470862324
-0.8597412109375,-0.4456787109375,-0.176513671875,732,1602470862339
-0.9224853515625,-0.465576171875,-0.20458984375,732,1602470862346
-0.9378662109375,-0.4361572265625,-0.228515625,732,1602470862354
-0.9267578125,-0.390625,-0.2657470703125,732,1602470862369
-0.9427490234375,-0.3729248046875,-0.2877197265625,733,1602470862376
-0.9395751953125,-0.3946533203125,-0.2802734375,733,1602470862384
-0.892578125,-0.4227294921875,-0.268310546875,733,1602470862399
-0.7979736328125,-0.403076171875,-0.2071533203125,734,1602470862406
-0.71923828125,-0.37890625,-0.19140625,734,1602470862414
-0.7515869140625,-0.369873046875,-0.1131591796875,734,1602470862429
-0.88671875,-0.39453125,-0.06982421875,735,1602470862436
-1.030517578125,-0.4263916015625,-0.0506591796875,735,1602470862444
-1.076416015625,-0.4256591796875,-0.0875244140625,735,1602470862459
-1.012939453125,-0.4154052734375,-0.1331787109375,735,1602470862466
-0.9501953125,-0.4119873046875,-0.22705078125,736,1602470862474
-0.948486328125,-0.3768310546875,-0.28662109375,736,1602470862489
-0.9359130859375,-0.3311767578125,-0.268798828125,736,1602470862496
-0.8851318359375,-0.3887939453125,-0.2275390625,737,1602470862504
-0.89306640625,-0.4527587890625,-0.2099609375,737,1602470862519
-0.9189453125,-0.4339599609375,-0.1978759765625,737,1602470862526
-0.9161376953125,-0.3553466796875,-0.098388671875,738,1602470862534
-0.871826171875,-0.334228515625,-0.042236328125,738,1602470862549
-0.9193115234375,-0.3665771484375,-0.0697021484375,738,1602470862556
-0.962890625,-0.3701171875,-0.0545654296875,738,1602470862564
-0.946044921875,-0.3875732421875,-0.05615234375,739,1602470862579
-0.945556640625,-0.428955078125,-0.093505859375,739,1602470862586
-0.894287109375,-0.427001953125,-0.1170654296875,739,1602470862594
-0.8648681640625,-0.416259765625,-0.144775390625,740,1602470862609
-0.87255859375,-0.4124755859375,-0.203369140625,740,1602470862616
-0.8609619140625,-0.4097900390625,-0.223388671875,740,1602470862624
-0.8525390625,-0.4075927734375,-0.2064208984375,741,1602470862639
-0.84619140625,-0.4053955078125,-0.2388916015625,741,1602470862646
-0.8477783203125,-0.3709716796875,-0.2159423828125,741,1602470862654
-0.9071044921875,-0.37109375,-0.241943359375,741,1602470862669
-0.98779296875,-0.4163818359375,-0.21875,742,1602470862676
-1.0062255859375,-0.419189453125,-0.1517333984375,742,1602470862684
-1.0098876953125,-0.4036865234375,-0.1385498046875,742,1602470862699
-1.00390625,-0.383544921875,-0.170166015625,743,1602470862706
-0.96142578125,-0.361328125,-0.1790771484375,743,1602470862714
-0.8984375,-0.3634033203125,-0.20458984375,743,1602470862729
-0.826904296875,-0.3853759765625,-0.249755859375,743,1602470862736
-0.82080078125,-0.377685546875,-0.1588134765625,744,1602470862744
-0.828857421875,-0.3675537109375,-0.124267578125,744,1602470862759
-0.855712890625,-0.391845703125,-0.1165771484375,744,1602470862766
-0.885498046875,-0.451171875,-0.179931640625,745,1602470862774
-0.87158203125,-0.4935302734375,-0.1807861328125,745,1602470862789
-0.866455078125,-0.4620361328125,-0.1685791015625,745,1602470862796
-0.9415283203125,-0.376953125,-0.14306640625,746,1602470862804
-1.005615234375,-0.3013916015625,-0.1072998046875,746,1602470862819
-0.994873046875,-0.29443359375,-0.048583984375,746,1602470862826
-0.9798583984375,-0.31982421875,-0.0205078125,747,1602470862841
-0.9747314453125,-0.3507080078125,-0.05322265625,747,1602470862849
-0.9794921875,-0.39697265625,-0.0838623046875,747,1602470862856
-0.9599609375,-0.446533203125,-0.1341552734375,747,1602470862864
-0.9326171875,-0.4556884765625,-0.171142578125,748,1602470862879
-0.8779296875,-0.4161376953125,-0.1746826171875,748,1602470862886
-0.875732421875,-0.393310546875,-0.136474609375,748,1602470862894
-0.974853515625,-0.381591796875,-0.1199951171875,749,1602470862909
-1.0054931640625,-0.3660888671875,-0.1136474609375,749,1602470862916
-0.9132080078125,-0.359375,-0.1392822265625,749,1602470862924
-0.8594970703125,-0.3629150390625,-0.1368408203125,750,1602470862939
-0.860107421875,-0.3603515625,-0.1357421875,750,1602470862946
-0.8590087890625,-0.3807373046875,-0.123779296875,750,1602470862954
-0.8580322265625,-0.407958984375,-0.136474609375,750,1602470862969
-0.8714599609375,-0.4256591796875,-0.23828125,751,1602470862976
-0.9173583984375,-0.4312744140625,-0.28466796875,751,1602470862984
-0.9378662109375,-0.398193359375,-0.22265625,751,1602470862999
-0.95751953125,-0.3597412109375,-0.1256103515625,752,1602470863006
-0.9556884765625,-0.345458984375,-0.0550537109375,752,1602470863014
-0.88525390625,-0.348876953125,-0.0186767578125,752,1602470863029
-0.8397216796875,-0.359375,0.0103759765625,752,1602470863036
-0.845947265625,-0.3743896484375,0.0079345703125,753,1602470863044
-0.904296875,-0.39208984375,-0.0499267578125,753,1602470863059
-0.9776611328125,-0.4007568359375,-0.1082763671875,753,1602470863066
-1.0,-0.4083251953125,-0.1163330078125,754,1602470863074
-0.9766845703125,-0.391357421875,-0.09912109375,754,1602470863089
-0.94677734375,-0.3697509765625,-0.071044921875,754,1602470863096
-0.8919677734375,-0.3760986328125,-0.09716796875,754,1602470863104
-0.8594970703125,-0.3897705078125,-0.1290283203125,755,1602470863119
-0.865966796875,-0.3909912109375,-0.1397705078125,755,1602470863126
-0.9693603515625,-0.383544921875,-0.1328125,755,1602470863134
-1.0469970703125,-0.375244140625,-0.1219482421875,756,1602470863149
-1.0438232421875,-0.35546875,-0.0775146484375,756,1602470863156
-0.992919921875,-0.3017578125,-0.0283203125,756,1602470863164
-0.9700927734375,-0.294189453125,-0.0513916015625,757,1602470863179
-0.958251953125,-0.3260498046875,-0.055908203125,757,1602470863186
-0.9227294921875,-0.372314453125,-0.0906982421875,757,1602470863194
-0.90576171875,-0.4132080078125,-0.1142578125,758,1602470863209
-0.9066162109375,-0.4124755859375,-0.1055908203125,758,1602470863216
-0.9373779296875,-0.398681640625,-0.101806640625,758,1602470863224
-0.9921875,-0.385498046875,-0.1090087890625,759,1602470863239
-1.0115966796875,-0.38623046875,-0.1212158203125,759,1602470863246
-1.006591796875,-0.390380859375,-0.132080078125,759,1602470863254
-0.9959716796875,-0.3720703125,-0.127685546875,759,1602470863269
-1.0089111328125,-0.3555908203125,-0.1220703125,760,1602470863276
-1.02978515625,-0.3858642578125,-0.1064453125,760,1602470863284
-1.038818359375,-0.4151611328125,-0.0865478515625,760,1602470863299
-0.9688720703125,-0.4228515625,-0.0535888671875,761,1602470863306
-0.86328125,-0.384033203125,0.005126953125,761,1602470863314
-0.8330078125,-0.3101806640625,0.04638671875,761,1602470863321
-0.8929443359375,-0.2979736328125,0.0167236328125,761,1602470863336
-0.9129638671875,-0.3355712890625,0.028076171875,762,1602470863344
-0.90087890625,-0.378173828125,-0.0008544921875,762,1602470863351
-0.9149169921875,-0.426025390625,-0.0384521484375,762,1602470863366
-0.900634765625,-0.46484375,-0.08740234375,763,1602470863374
-0.878173828125,-0.4830322265625,-0.1187744140625,763,1602470863381
-0.8580322265625,-0.456787109375,-0.0950927734375,763,1602470863396
-0.7987060546875,-0.411376953125,-0.0704345703125,763,1602470863404
-0.7872314453125,-0.402099609375,-0.063232421875,764,1602470863411
-0.835205078125,-0.4169921875,-0.0567626953125,764,1602470863426
-0.8778076171875,-0.4278564453125,-0.070068359375,764,1602470863434
-0.89892578125,-0.4345703125,-0.1005859375,765,1602470863441
-0.8697509765625,-0.44189453125,-0.147705078125,765,1602470863456
-0.8316650390625,-0.4388427734375,-0.2232666015625,765,1602470863464
-0.8739013671875,-0.436767578125,-0.2615966796875,765,1602470863471
-0.92822265625,-0.431884765625,-0.2198486328125,766,1602470863486
-0.9173583984375,-0.3988037109375,-0.145751953125,766,1602470863494
-0.8988037109375,-0.37255859375,-0.1370849609375,766,1602470863501
-0.918212890625,-0.40234375,-0.1424560546875,767,1602470863516
-0.8931884765625,-0.4630126953125,-0.1512451171875,767,1602470863524
-0.8814697265625,-0.4886474609375,-0.1820068359375,767,1602470863531
-0.890625,-0.482177734375,-0.08251953125,768,1602470863546
-0.77880859375,-0.486083984375,0.0013427734375,768,1602470863554
-0.8515625,-0.431884765625,-0.062744140625,768,1602470863561
-0.9088134765625,-0.352294921875,0.0084228515625,769,1602470863576
-0.8583984375,-0.353515625,0.0111083984375,769,1602470863584
-0.9012451171875,-0.3895263671875,-0.0152587890625,769,1602470863591
-0.9892578125,-0.4317626953125,-0.14208984375,770,1602470863606
-1.1197509765625,-0.4827880859375,-0.2628173828125,770,1602470863614
-1.108642578125,-0.5279541015625,-0.33447265625,770,1602470863621
-0.9683837890625,-0.4927978515625,-0.2862548828125,770,1602470863636
-0.8155517578125,-0.4041748046875,-0.177978515625,771,1602470863644
-0.7459716796875,-0.33056640625,-0.074462890625,771,1602470863651
-0.7276611328125,-0.315185546875,0.01904296875,771,1602470863666
-0.785888671875,-0.3642578125,0.0068359375,772,1602470863674
-0.9227294921875,-0.445068359375,-0.033203125,772,1602470863681
-0.9307861328125,-0.478515625,-0.0714111328125,772,1602470863696
-0.936279296875,-0.4468994140625,-0.1209716796875,772,1602470863704
-0.9935302734375,-0.402587890625,-0.1551513671875,773,1602470863711
-0.97705078125,-0.4127197265625,-0.18994140625,773,1602470863726
-0.97021484375,-0.4171142578125,-0.1419677734375,773,1602470863734
-1.0,-0.3955078125,-0.112060546875,774,1602470863741
-1.01416015625,-0.3681640625,-0.0950927734375,774,1602470863756
-0.9620361328125,-0.359375,-0.10546875,774,1602470863764
-0.935546875,-0.3857421875,-0.1329345703125,774,1602470863771
-0.9254150390625,-0.4122314453125,-0.11181640625,775,1602470863786
-0.883544921875,-0.4176025390625,-0.109130859375,775,1602470863794
-0.897705078125,-0.4266357421875,-0.1182861328125,775,1602470863801
-0.9261474609375,-0.423828125,-0.1185302734375,776,1602470863816
-0.929931640625,-0.42578125,-0.135498046875,776,1602470863824
-0.9097900390625,-0.4249267578125,-0.1470947265625,776,1602470863831
-0.8768310546875,-0.416015625,-0.159423828125,777,1602470863846
-0.9190673828125,-0.413330078125,-0.1885986328125,777,1602470863854
-0.9293212890625,-0.427978515625,-0.2015380859375,777,1602470863861
-0.9268798828125,-0.43017578125,-0.2174072265625,778,1602470863876
-0.9547119140625,-0.427734375,-0.212646484375,778,1602470863884
-0.936279296875,-0.4061279296875,-0.1575927734375,778,1602470863891
-0.9091796875,-0.3973388671875,-0.1077880859375,779,1602470863906
-0.8173828125,-0.3851318359375,-0.0732421875,779,1602470863914
-0.7933349609375,-0.3787841796875,-0.085205078125,779,1602470863921
-0.8271484375,-0.3797607421875,-0.1131591796875,779,1602470863936
-0.896240234375,-0.3983154296875,-0.081787109375,780,1602470863944
-0.9708251953125,-0.4447021484375,-0.0322265625,780,1602470863951
-0.9647216796875,-0.49560546875,-0.0050048828125,780,1602470863966
-0.982421875,-0.4886474609375,0.00439453125,781,1602470863974
-0.9808349609375,-0.457275390625,-0.02392578125,781,1602470863981
-0.935546875,-0.4248046875,-0.030029296875,781,1602470863996
-0.8863525390625,-0.4017333984375,-0.0189208984375,781,1602470864004
-0.8463134765625,-0.3958740234375,-0.044677734375,782,1602470864011
-0.888671875,-0.371826171875,-0.081787109375,782,1602470864026
-0.9295654296875,-0.3553466796875,-0.101318359375,782,1602470864034
-0.9482421875,-0.3741455078125,-0.113525390625,783,1602470864041
-0.9454345703125,-0.3980712890625,-0.108642578125,783,1602470864056
-0.9404296875,-0.4232177734375,-0.1365966796875,783,1602470864064
-0.8837890625,-0.4339599609375,-0.1595458984375,783,1602470864071
-0.8746337890625,-0.444091796875,-0.1806640625,784,1602470864086
-0.922119140625,-0.4605712890625,-0.208251953125,784,1602470864094
-0.9227294921875,-0.4705810546875,-0.180419921875,784,1602470864101
-0.9068603515625,-0.445068359375,-0.1405029296875,785,1602470864116
-0.9627685546875,-0.397216796875,-0.2080078125,785,1602470864124
-1.02587890625,-0.3828125,-0.2254638671875,785,1602470864139
-0.9227294921875,-0.4251708984375,-0.17333984375,786,1602470864146
-0.7763671875,-0.4630126953125,-0.0750732421875,786,1602470864154
-0.671875,-0.4322509765625,0.0283203125,786,1602470864169
-0.7528076171875,-0.406982421875,0.0416259765625,787,1602470864176
-0.927490234375,-0.4627685546875,-0.0184326171875,787,1602470864184
-1.0111083984375,-0.53173828125,-0.0975341796875,787,1602470864191
-1.02001953125,-0.5302734375,-0.1158447265625,787,1602470864206
-0.979248046875,-0.4261474609375,-0.0946044921875,788,1602470864214
-0.9542236328125,-0.326416015625,-0.0484619140625,788,1602470864221
-0.9381103515625,-0.3316650390625,-0.0494384765625,788,1602470864236
-0.917724609375,-0.374267578125,-0.089599609375,789,1602470864244
-0.8914794921875,-0.4041748046875,-0.1033935546875,789,1602470864251
-0.898193359375,-0.42578125,-0.0848388671875,789,1602470864266
-0.91845703125,-0.4447021484375,-0.0611572265625,790,1602470864274
-0.945556640625,-0.46337890625,-0.0533447265625,790,1602470864281
-0.9783935546875,-0.47900390625,-0.0458984375,790,1602470864296
-0.98779296875,-0.4739990234375,-0.0633544921875,790,1602470864304
-0.953369140625,-0.46728515625,-0.1009521484375,791,1602470864311
-0.8477783203125,-0.4552001953125,-0.1246337890625,791,1602470864326
-0.7730712890625,-0.4306640625,-0.12939453125,791,1602470864334
-0.8199462890625,-0.416748046875,-0.1339111328125,791,1602470864342
-0.9451904296875,-0.405517578125,-0.090087890625,792,1602470864356
-0.881591796875,-0.379150390625,-0.148193359375,792,1602470864364
-0.7911376953125,-0.433349609375,0.0445556640625,792,1602470864371
-0.79345703125,-0.4810791015625,0.1907958984375,793,1602470864386
-0.7998046875,-0.4722900390625,0.1641845703125,793,1602470864394
-0.87841796875,-0.4434814453125,0.05322265625,793,1602470864401
-0.9771728515625,-0.4656982421875,-0.0936279296875,793,1602470864409
-1.0225830078125,-0.485107421875,-0.113525390625,794,1602470864424
-0.990234375,-0.4635009765625,-0.1009521484375,794,1602470864431
-0.853515625,-0.458740234375,-0.02685546875,794,1602470864439
-0.794921875,-0.40087890625,0.08837890625,795,1602470864454
-0.8560791015625,-0.3223876953125,0.1207275390625,795,1602470864461
-0.9764404296875,-0.3311767578125,0.101318359375,795,1602470864469
-0.976806640625,-0.3853759765625,0.098388671875,796,1602470864484
-0.910888671875,-0.4052734375,0.13037109375,796,1602470864491
-0.9456787109375,-0.4134521484375,0.12646484375,796,1602470864499
-0.9906005859375,-0.42626953125,0.0877685546875,797,1602470864514
-0.966064453125,-0.445556640625,0.0565185546875,797,1602470864521
-0.9124755859375,-0.4666748046875,0.0047607421875,797,1602470864529
-0.8857421875,-0.4656982421875,-0.01318359375,798,1602470864544
-0.9029541015625,-0.4205322265625,-0.0078125,798,1602470864552
-0.9931640625,-0.3623046875,-0.0418701171875,798,1602470864559
-1.0552978515625,-0.3648681640625,-0.1322021484375,799,1602470864581
-0.990478515625,-0.442138671875,-0.108642578125,799,1602470864589
-0.8995361328125,-0.4375,0.0277099609375,799,1602470864596
-0.753173828125,-0.3953857421875,0.1055908203125,799,1602470864604
-0.6309814453125,-0.400390625,0.2032470703125,800,1602470864611
-0.5855712890625,-0.44970703125,0.1317138671875,800,1602470864619
-0.7821044921875,-0.531005859375,0.039306640625,800,1602470864634
-1.1102294921875,-0.5467529296875,0.0037841796875,801,1602470864641
-1.27294921875,-0.4781494140625,-0.09765625,801,1602470864649
-1.2552490234375,-0.4093017578125,-0.1234130859375,801,1602470864664
-1.082275390625,-0.3892822265625,-0.0927734375,801,1602470864671
-0.89208984375,-0.3707275390625,-0.003662109375,802,1602470864679
-0.775146484375,-0.3388671875,0.0716552734375,802,1602470864694
-0.7442626953125,-0.3291015625,0.079345703125,802,1602470864701
-0.81640625,-0.353271484375,0.06689453125,802,1602470864709
-0.9078369140625,-0.4002685546875,0.0283203125,803,1602470864724
-0.9429931640625,-0.456298828125,0.0078125,803,1602470864731
-0.944091796875,-0.477294921875,-0.0042724609375,803,1602470864739
-0.95947265625,-0.4857177734375,-0.0416259765625,804,1602470864754
-0.94189453125,-0.4925537109375,-0.0899658203125,804,1602470864761
-0.8885498046875,-0.4884033203125,-0.1126708984375,804,1602470864769
-0.8431396484375,-0.4617919921875,-0.0909423828125,805,1602470864784
-0.835205078125,-0.3978271484375,-0.1087646484375,805,1602470864791
-0.97216796875,-0.341552734375,-0.1910400390625,805,1602470864799
-1.033203125,-0.3856201171875,-0.2872314453125,806,1602470864821
-0.9404296875,-0.4892578125,-0.1221923828125,806,1602470864829
-0.7730712890625,-0.504638671875,-0.00634765625,806,1602470864836
-0.6961669921875,-0.4173583984375,0.1170654296875,807,1602470864844
-0.7142333984375,-0.3956298828125,0.1400146484375,807,1602470864851
-0.8604736328125,-0.457763671875,-0.1304931640625,807,1602470864859
-1.0186767578125,-0.474365234375,-0.3382568359375,807,1602470864874
-1.0743408203125,-0.509033203125,-0.3544921875,808,1602470864881
-1.0408935546875,-0.5535888671875,-0.20751953125,808,1602470864889
-0.8934326171875,-0.4404296875,0.0179443359375,808,1602470864904
-0.80712890625,-0.3070068359375,0.024658203125,809,1602470864911
-0.883544921875,-0.3187255859375,-0.091796875,809,1602470864919
-0.9276123046875,-0.4014892578125,-0.12744140625,809,1602470864934
-0.903076171875,-0.4755859375,-0.128173828125,809,1602470864941
-0.892333984375,-0.47314453125,-0.1153564453125,810,1602470864949
-0.8907470703125,-0.431640625,-0.114501953125,810,1602470864964
-0.9080810546875,-0.438720703125,-0.121826171875,810,1602470864971
-0.9486083984375,-0.477294921875,-0.1563720703125,811,1602470864979
-0.9205322265625,-0.4964599609375,-0.18798828125,811,1602470864994
-0.811279296875,-0.4754638671875,-0.1982421875,811,1602470865001
-0.7591552734375,-0.4298095703125,-0.1973876953125,812,1602470865009
-0.7978515625,-0.396728515625,-0.2476806640625,812,1602470865024
-0.9141845703125,-0.412109375,-0.2926025390625,812,1602470865031
-1.0496826171875,-0.459228515625,-0.3978271484375,812,1602470865039
-1.048095703125,-0.51171875,-0.388671875,813,1602470865054
-0.8663330078125,-0.522705078125,-0.2684326171875,813,1602470865061
-0.6514892578125,-0.4718017578125,-0.1402587890625,813,1602470865069
-0.5946044921875,-0.391845703125,-0.1104736328125,814,1602470865084
-0.74951171875,-0.3587646484375,-0.1058349609375,814,1602470865091
-0.9412841796875,-0.4033203125,-0.1278076171875,814,1602470865099
-1.107421875,-0.465576171875,-0.259765625,815,1602470865114
-1.1943359375,-0.487060546875,-0.317138671875,815,1602470865121
-1.095458984375,-0.4937744140625,-0.30126953125,815,1602470865129
-0.9227294921875,-0.4771728515625,-0.1483154296875,815,1602470865144
-0.818359375,-0.39501953125,-0.083251953125,816,1602470865151
-0.902587890625,-0.3258056640625,-0.0982666015625,816,1602470865159
-1.0245361328125,-0.3468017578125,-0.121337890625,816,1602470865174
-1.027099609375,-0.419677734375,-0.1275634765625,817,1602470865181
-0.949951171875,-0.4560546875,-0.1158447265625,817,1602470865189
-0.867431640625,-0.457275390625,-0.1219482421875,817,1602470865204
-0.8299560546875,-0.4664306640625,-0.1326904296875,817,1602470865211
-0.76904296875,-0.4759521484375,-0.2154541015625,818,1602470865219
-0.762451171875,-0.4368896484375,-0.1834716796875,818,1602470865234
-0.84326171875,-0.4215087890625,-0.15380859375,818,1602470865241
-0.965576171875,-0.474853515625,-0.216064453125,819,1602470865249
-0.9373779296875,-0.4796142578125,-0.250732421875,819,1602470865264
-0.798095703125,-0.4586181640625,-0.326904296875,819,1602470865271
-0.7431640625,-0.4937744140625,-0.29638671875,820,1602470865279
-0.6846923828125,-0.475830078125,-0.207275390625,820,1602470865294
-0.570556640625,-0.421630859375,-0.0023193359375,820,1602470865302
-0.6807861328125,-0.3453369140625,0.055419921875,820,1602470865309
-0.9173583984375,-0.385009765625,-0.1475830078125,821,1602470865332
-1.088134765625,-0.50341796875,-0.320556640625,821,1602470865339
-1.0745849609375,-0.6129150390625,-0.2889404296875,822,1602470865346
-0.989013671875,-0.5404052734375,-0.1461181640625,822,1602470865354
-0.9769287109375,-0.340087890625,-0.0709228515625,822,1602470865361
-0.9803466796875,-0.2655029296875,-0.0845947265625,822,1602470865369
-0.992431640625,-0.341552734375,-0.122314453125,823,1602470865384
-1.00537109375,-0.433349609375,-0.167236328125,823,1602470865391
-0.9813232421875,-0.446044921875,-0.163330078125,823,1602470865399
-0.9281005859375,-0.4151611328125,-0.1217041015625,824,1602470865414
-0.89453125,-0.412353515625,-0.09619140625,824,1602470865421
-0.8892822265625,-0.4490966796875,-0.095703125,824,1602470865429
-0.8946533203125,-0.4764404296875,-0.1153564453125,824,1602470865444
-0.897216796875,-0.4676513671875,-0.1336669921875,825,1602470865451
-0.846923828125,-0.429931640625,-0.1473388671875,825,1602470865459
-0.858642578125,-0.3837890625,-0.239013671875,825,1602470865474
-0.9769287109375,-0.40234375,-0.328369140625,826,1602470865481
-0.9490966796875,-0.470703125,-0.3153076171875,826,1602470865489
-0.724609375,-0.5360107421875,-0.14453125,826,1602470865504
-0.618408203125,-0.47509765625,-0.0660400390625,826,1602470865511
-0.7989501953125,-0.39453125,-0.0479736328125,827,1602470865519
-0.965087890625,-0.4210205078125,-0.0714111328125,827,1602470865526
-1.012939453125,-0.48291015625,-0.0762939453125,827,1602470865541
-1.050537109375,-0.487548828125,-0.1678466796875,828,1602470865549
-1.04248046875,-0.4305419921875,-0.1474609375,828,1602470865556
-0.947021484375,-0.39453125,-0.0736083984375,828,1602470865571
-0.9375,-0.3980712890625,-0.0435791015625,828,1602470865579
-0.95263671875,-0.3929443359375,-0.0780029296875,829,1602470865586
-0.9271240234375,-0.3751220703125,-0.09375,829,1602470865601
-0.902099609375,-0.39501953125,-0.07421875,829,1602470865609
-0.8765869140625,-0.4256591796875,-0.054443359375,830,1602470865616
-0.8885498046875,-0.4525146484375,-0.06103515625,830,1602470865631
-0.90234375,-0.4713134765625,-0.0787353515625,830,1602470865639
-0.8818359375,-0.4775390625,-0.096435546875,831,1602470865646
-0.8568115234375,-0.4737548828125,-0.1103515625,831,1602470865661
-0.8685302734375,-0.4598388671875,-0.1136474609375,831,1602470865669
-0.870849609375,-0.443115234375,-0.1375732421875,831,1602470865676
-0.9176025390625,-0.416259765625,-0.189697265625,832,1602470865691
-0.9395751953125,-0.420654296875,-0.25537109375,832,1602470865699
-0.93408203125,-0.447021484375,-0.33984375,832,1602470865707
-0.7974853515625,-0.5150146484375,-0.3717041015625,833,1602470865722
-0.6273193359375,-0.53955078125,-0.0728759765625,833,1602470865729
-0.620361328125,-0.4742431640625,0.1873779296875,833,1602470865737
-0.743408203125,-0.3890380859375,0.11474609375,834,1602470865752
-0.845458984375,-0.340576171875,-0.1319580078125,834,1602470865759
-0.987060546875,-0.4100341796875,-0.202392578125,834,1602470865767
-1.09619140625,-0.538330078125,-0.234375,835,1602470865781
-1.0543212890625,-0.526123046875,-0.2196044921875,835,1602470865789
-0.95654296875,-0.382568359375,-0.132568359375,835,1602470865796
-0.9190673828125,-0.345458984375,-0.08056640625,835,1602470865811
-0.9781494140625,-0.4295654296875,-0.060302734375,836,1602470865819
-0.9588623046875,-0.474609375,-0.0797119140625,836,1602470865826
-0.9462890625,-0.43896484375,-0.0426025390625,836,1602470865841
-0.98583984375,-0.398681640625,-0.033935546875,837,1602470865849
-0.9779052734375,-0.39306640625,-0.051513671875,837,1602470865856
-0.9273681640625,-0.426025390625,-0.078857421875,837,1602470865871
-0.8992919921875,-0.46240234375,-0.091064453125,837,1602470865879
-0.8846435546875,-0.46630859375,-0.1026611328125,838,1602470865886
-0.845947265625,-0.4456787109375,-0.115234375,838,1602470865901
-0.8077392578125,-0.4263916015625,-0.1097412109375,838,1602470865909
-0.8350830078125,-0.4150390625,-0.128173828125,839,1602470865916
-0.9500732421875,-0.4000244140625,-0.1424560546875,839,1602470865931
-0.9852294921875,-0.423095703125,-0.2462158203125,839,1602470865939
-0.95556640625,-0.4874267578125,-0.292236328125,839,1602470865946
-0.8245849609375,-0.5477294921875,-0.181396484375,840,1602470865961
-0.670654296875,-0.52001953125,-0.138427734375,840,1602470865969
-0.7412109375,-0.415771484375,-0.1865234375,840,1602470865976
-0.852783203125,-0.345458984375,-0.146728515625,841,1602470865991
-0.8612060546875,-0.399169921875,-0.0855712890625,841,1602470865999
-0.8922119140625,-0.4544677734375,-0.0264892578125,841,1602470866006
-0.9530029296875,-0.4161376953125,-0.0013427734375,842,1602470866021
-1.031494140625,-0.3740234375,-0.056884765625,842,1602470866029
-1.083251953125,-0.431396484375,-0.0999755859375,842,1602470866036
-1.0484619140625,-0.5107421875,-0.081298828125,843,1602470866051
-0.9822998046875,-0.4859619140625,-0.0806884765625,843,1602470866059
-0.932861328125,-0.39306640625,-0.0770263671875,843,1602470866066
-0.933349609375,-0.3621826171875,-0.0714111328125,844,1602470866081
-0.9659423828125,-0.4066162109375,-0.0888671875,844,1602470866089
-0.9471435546875,-0.4581298828125,-0.10107421875,844,1602470866096
-0.8834228515625,-0.471435546875,-0.094970703125,844,1602470866111
-0.8311767578125,-0.4542236328125,-0.09228515625,845,1602470866119
-0.8310546875,-0.4522705078125,-0.1202392578125,845,1602470866126
-0.87158203125,-0.4666748046875,-0.159423828125,845,1602470866141
-0.8775634765625,-0.4608154296875,-0.1851806640625,845,1602470866149
-0.8612060546875,-0.443603515625,-0.186279296875,846,1602470866156
-0.8671875,-0.4395751953125,-0.1876220703125,846,1602470866171
-0.8909912109375,-0.454345703125,-0.179443359375,846,1602470866179
-0.9569091796875,-0.4681396484375,-0.1534423828125,847,1602470866186
-0.901611328125,-0.4700927734375,-0.202392578125,847,1602470866201
-0.7310791015625,-0.471435546875,-0.1494140625,847,1602470866209
-0.650634765625,-0.42333984375,-0.038330078125,848,1602470866216
-0.7694091796875,-0.3692626953125,0.0399169921875,848,1602470866231
-0.9443359375,-0.3895263671875,-0.0384521484375,848,1602470866239
-1.009033203125,-0.483154296875,-0.2530517578125,848,1602470866247
-0.95361328125,-0.536865234375,-0.2989501953125,849,1602470866261
-0.88671875,-0.5098876953125,-0.1771240234375,849,1602470866269
-0.921630859375,-0.4188232421875,-0.11376953125,849,1602470866276
-0.9954833984375,-0.3935546875,-0.1019287109375,850,1602470866291
-1.0313720703125,-0.46337890625,-0.106201171875,850,1602470866299
-0.9671630859375,-0.4874267578125,-0.0592041015625,850,1602470866307
-0.8524169921875,-0.42529296875,-0.0394287109375,851,1602470866321
-0.861083984375,-0.384521484375,-0.0413818359375,851,1602470866329
-0.9263916015625,-0.3966064453125,-0.0472412109375,851,1602470866336
-0.937744140625,-0.4375,-0.04931640625,852,1602470866352
-0.9183349609375,-0.4652099609375,-0.068359375,852,1602470866359
-0.87158203125,-0.4632568359375,-0.095947265625,852,1602470866367
-0.849853515625,-0.4412841796875,-0.1075439453125,853,1602470866382
-0.863037109375,-0.4300537109375,-0.109619140625,853,1602470866389
-0.8936767578125,-0.4302978515625,-0.1083984375,853,1602470866396
-0.953857421875,-0.4281005859375,-0.1268310546875,853,1602470866411
-1.019775390625,-0.445556640625,-0.1009521484375,854,1602470866419
-0.9476318359375,-0.4649658203125,-0.1207275390625,854,1602470866426
-0.8319091796875,-0.4285888671875,-0.19091796875,854,1602470866441
-0.707275390625,-0.415283203125,-0.2613525390625,854,1602470866449
-0.662109375,-0.43798828125,-0.2222900390625,855,1602470866456
-0.7825927734375,-0.4757080078125,-0.1300048828125,855,1602470866471
-0.9287109375,-0.5264892578125,-0.1162109375,855,1602470866479
-1.0126953125,-0.5323486328125,-0.0902099609375,856,1602470866486
-1.0257568359375,-0.463134765625,-0.0595703125,856,1602470866501
-0.9771728515625,-0.3914794921875,-0.0048828125,856,1602470866509
-0.95458984375,-0.3568115234375,0.070556640625,856,1602470866517
-1.00927734375,-0.343505859375,0.0570068359375,857,1602470866531
-1.032470703125,-0.3701171875,-0.0045166015625,857,1602470866539
-0.9932861328125,-0.4090576171875,-0.0377197265625,857,1602470866546
-0.9248046875,-0.4288330078125,-0.036865234375,858,1602470866561
-0.8883056640625,-0.4295654296875,-0.0396728515625,858,1602470866569
-0.89501953125,-0.4295654296875,-0.0396728515625,858,1602470866577
-0.8985595703125,-0.43798828125,-0.046630859375,859,1602470866592
-0.9024658203125,-0.4490966796875,-0.0587158203125,859,1602470866599
-0.9129638671875,-0.4649658203125,-0.070556640625,859,1602470866607
-0.916015625,-0.4659423828125,-0.0654296875,859,1602470866614
-0.9013671875,-0.4547119140625,-0.0718994140625,860,1602470866629
-0.89306640625,-0.4429931640625,-0.088623046875,860,1602470866637
-0.8992919921875,-0.434814453125,-0.096435546875,860,1602470866644
-0.904052734375,-0.427490234375,-0.19970703125,861,1602470866659
-0.874267578125,-0.4326171875,-0.261962890625,861,1602470866667
-0.777587890625,-0.4422607421875,-0.2069091796875,861,1602470866674
-0.7559814453125,-0.4901123046875,-0.2261962890625,862,1602470866689
-0.8531494140625,-0.537109375,-0.1436767578125,862,1602470866697
-0.8741455078125,-0.5382080078125,-0.06005859375,862,1602470866704
-0.9283447265625,-0.4971923828125,-0.000732421875,863,1602470866719
-0.9359130859375,-0.4014892578125,0.0526123046875,863,1602470866726
-0.891357421875,-0.2911376953125,-0.010498046875,863,1602470866734
-0.9671630859375,-0.3349609375,-0.010498046875,863,1602470866749
-1.0201416015625,-0.43017578125,-0.0479736328125,864,1602470866756
-1.0565185546875,-0.4652099609375,-0.1309814453125,864,1602470866764
-1.0096435546875,-0.4625244140625,-0.168701171875,864,1602470866779
-0.88916015625,-0.4766845703125,-0.166748046875,865,1602470866787
-0.8409423828125,-0.4791259765625,-0.1524658203125,865,1602470866794
-0.8529052734375,-0.46728515625,-0.1270751953125,865,1602470866809
-0.876953125,-0.462890625,-0.105712890625,865,1602470866817
-0.896728515625,-0.4600830078125,-0.095703125,866,1602470866824
-0.88330078125,-0.4658203125,-0.117919921875,866,1602470866839
-0.8828125,-0.4788818359375,-0.141845703125,866,1602470866846
-0.8916015625,-0.47607421875,-0.159912109375,867,1602470866854
-0.906494140625,-0.4666748046875,-0.1690673828125,867,1602470866869
-0.900146484375,-0.4515380859375,-0.135009765625,867,1602470866876
-0.89404296875,-0.4423828125,-0.097412109375,867,1602470866884
-0.90185546875,-0.4415283203125,-0.07470703125,868,1602470866907
-0.931396484375,-0.4404296875,-0.0518798828125,868,1602470866914
-0.916259765625,-0.4342041015625,-0.1082763671875,869,1602470866921
-0.79052734375,-0.4468994140625,-0.139892578125,869,1602470866929
-0.7138671875,-0.47509765625,-0.1519775390625,869,1602470866937
-0.838134765625,-0.5045166015625,-0.011474609375,869,1602470866944
-0.82666015625,-0.4888916015625,0.197021484375,870,1602470866959
-0.87451171875,-0.4005126953125,0.2425537109375,870,1602470866967
-0.8267822265625,-0.3634033203125,0.1029052734375,870,1602470866974
-0.9130859375,-0.4295654296875,-0.0247802734375,871,1602470866989
-1.0478515625,-0.52197265625,-0.159912109375,871,1602470866997
-1.1165771484375,-0.5296630859375,-0.2269287109375,871,1602470867004
-1.0416259765625,-0.484130859375,-0.1875,872,1602470867019
-0.89501953125,-0.43798828125,-0.108642578125,872,1602470867027
-0.8544921875,-0.4014892578125,-0.0279541015625,872,1602470867034
-0.8433837890625,-0.400390625,-0.01953125,872,1602470867049
-0.861083984375,-0.4349365234375,-0.0338134765625,873,1602470867056
-0.903564453125,-0.4580078125,-0.037841796875,873,1602470867064
-0.922607421875,-0.4617919921875,-0.0186767578125,873,1602470867079
-0.918212890625,-0.450927734375,0.0064697265625,874,1602470867087
-0.913330078125,-0.4537353515625,-0.015625,874,1602470867102
-0.918701171875,-0.469482421875,-0.0198974609375,874,1602470867109
-0.9061279296875,-0.458251953125,-0.0460205078125,874,1602470867116
-0.9149169921875,-0.421630859375,-0.11376953125,875,1602470867124
-0.84619140625,-0.4171142578125,-0.1422119140625,875,1602470867139
-0.81640625,-0.462158203125,-0.203857421875,875,1602470867146
-0.8626708984375,-0.523193359375,-0.1783447265625,876,1602470867154
-0.90087890625,-0.5303955078125,0.008056640625,876,1602470867169
-0.8907470703125,-0.485595703125,0.069580078125,876,1602470867177
-0.9346923828125,-0.4256591796875,0.096923828125,876,1602470867184
-0.88134765625,-0.3876953125,0.104736328125,877,1602470867199
-0.8603515625,-0.398193359375,0.1290283203125,877,1602470867207
-0.95703125,-0.40234375,0.097900390625,877,1602470867214
-1.023193359375,-0.399169921875,0.0643310546875,878,1602470867229
-0.981689453125,-0.417236328125,0.028564453125,878,1602470867237
-0.915771484375,-0.441650390625,0.0018310546875,878,1602470867244
-0.909423828125,-0.4437255859375,-0.005859375,879,1602470867259
-0.9443359375,-0.443359375,-0.0068359375,879,1602470867267
-0.9599609375,-0.4498291015625,-0.015869140625,879,1602470867274
-0.9515380859375,-0.458251953125,-0.026123046875,880,1602470867289
-0.919921875,-0.466552734375,-0.0264892578125,880,1602470867297
-0.8992919921875,-0.47998046875,-0.0406494140625,880,1602470867304
-0.90087890625,-0.4765625,-0.0435791015625,881,1602470867319
-0.91796875,-0.4644775390625,-0.0469970703125,881,1602470867334
-0.91162109375,-0.439697265625,-0.016845703125,881,1602470867342
-0.911376953125,-0.408203125,-0.077880859375,881,1602470867349
-0.9244384765625,-0.430419921875,-0.1466064453125,882,1602470867357
-0.9150390625,-0.478515625,-0.1126708984375,882,1602470867364
-0.890869140625,-0.4906005859375,-0.0460205078125,882,1602470867379
-0.8524169921875,-0.4739990234375,0.0419921875,883,1602470867387
-0.810791015625,-0.4669189453125,0.1104736328125,883,1602470867394
-0.8006591796875,-0.4373779296875,0.128662109375,883,1602470867409
-0.792236328125,-0.4072265625,0.1417236328125,883,1602470867417
-0.86474609375,-0.44580078125,0.1552734375,884,1602470867424
-0.9827880859375,-0.494873046875,0.13818359375,884,1602470867439
-0.9747314453125,-0.4544677734375,0.1142578125,884,1602470867447
-0.9171142578125,-0.3946533203125,0.07763671875,885,1602470867454
-0.9239501953125,-0.404296875,0.056640625,885,1602470867469
-0.95166015625,-0.4495849609375,0.0074462890625,885,1602470867477
-0.94091796875,-0.4739990234375,-0.032958984375,885,1602470867484
-0.885498046875,-0.4735107421875,-0.054443359375,886,1602470867499
-0.868896484375,-0.472412109375,-0.0281982421875,886,1602470867507
-0.88330078125,-0.47265625,0.0032958984375,886,1602470867514
-0.8892822265625,-0.4786376953125,0.0384521484375,887,1602470867529
-0.88623046875,-0.4842529296875,0.0526123046875,887,1602470867537
-0.8905029296875,-0.4739990234375,0.0263671875,887,1602470867544
-0.89794921875,-0.447021484375,0.010986328125,888,1602470867559
-0.9259033203125,-0.40771484375,-0.0255126953125,888,1602470867567
-0.916259765625,-0.408935546875,-0.0369873046875,888,1602470867574
-0.8619384765625,-0.44189453125,-0.0615234375,889,1602470867589
-0.8642578125,-0.5030517578125,-0.002685546875,889,1602470867597
-0.7716064453125,-0.5299072265625,0.09716796875,889,1602470867604
-0.7490234375,-0.50390625,0.193603515625,889,1602470867619
-0.878662109375,-0.4564208984375,0.198974609375,890,1602470867627
-0.97021484375,-0.4554443359375,0.1116943359375,890,1602470867634
-1.0302734375,-0.47216796875,0.08203125,890,1602470867649
-1.021484375,-0.428466796875,0.0087890625,891,1602470867657
-0.9840087890625,-0.3631591796875,-0.0465087890625,891,1602470867664
-0.9447021484375,-0.408203125,-0.111328125,891,1602470867679
-0.9757080078125,-0.523193359375,-0.1571044921875,892,1602470867687
-0.955078125,-0.536376953125,-0.1405029296875,892,1602470867694
-0.852294921875,-0.4781494140625,-0.099853515625,892,1602470867709
-0.810791015625,-0.4349365234375,-0.048095703125,892,1602470867717
-0.828125,-0.43603515625,-0.0390625,893,1602470867724
-0.8760986328125,-0.482421875,-0.0369873046875,893,1602470867732
-0.8973388671875,-0.5093994140625,-0.0408935546875,893,1602470867747
-0.8685302734375,-0.505859375,-0.046142578125,894,1602470867754
-0.8553466796875,-0.497314453125,-0.0498046875,894,1602470867762
-0.8814697265625,-0.4906005859375,-0.0743408203125,894,1602470867777
-0.90478515625,-0.4847412109375,-0.0831298828125,894,1602470867784
-0.917724609375,-0.4669189453125,-0.0614013671875,895,1602470867792
-0.92333984375,-0.4451904296875,0.001220703125,895,1602470867807
-0.903076171875,-0.4267578125,0.109619140625,895,1602470867814
-0.846923828125,-0.4180908203125,0.17724609375,896,1602470867822
-0.83154296875,-0.431884765625,0.1519775390625,896,1602470867837
-0.8515625,-0.459716796875,0.1417236328125,896,1602470867844
-0.8126220703125,-0.4617919921875,0.0528564453125,896,1602470867852
-0.80859375,-0.43701171875,-0.0037841796875,897,1602470867867
-0.895751953125,-0.45947265625,-0.0084228515625,897,1602470867874
-1.0147705078125,-0.50537109375,-0.066650390625,897,1602470867882
-1.1058349609375,-0.5086669921875,-0.025390625,898,1602470867897
-1.119384765625,-0.47998046875,-0.0137939453125,898,1602470867904
-1.079345703125,-0.455322265625,-0.020263671875,898,1602470867912
-0.941650390625,-0.4039306640625,0.03466796875,899,1602470867927
-0.8170166015625,-0.398681640625,0.078369140625,899,1602470867934
-0.7861328125,-0.4700927734375,0.0633544921875,899,1602470867942
-0.7508544921875,-0.52490234375,-0.03955078125,900,1602470867957
-0.817138671875,-0.5535888671875,-0.068359375,900,1602470867964
-0.8570556640625,-0.49267578125,-0.048828125,900,1602470867972
-0.825439453125,-0.41455078125,0.012451171875,900,1602470867987
-0.8741455078125,-0.400390625,0.02099609375,901,1602470867994
-0.9375,-0.45556640625,0.0274658203125,901,1602470868002
-0.941650390625,-0.5086669921875,0.02880859375,901,1602470868017
-0.9302978515625,-0.53662109375,-0.0147705078125,902,1602470868024
-0.910400390625,-0.5380859375,0.0001220703125,902,1602470868032
-0.889404296875,-0.5247802734375,0.0218505859375,902,1602470868047
-0.8931884765625,-0.4759521484375,-0.02685546875,903,1602470868054
-0.8748779296875,-0.423583984375,-0.047607421875,903,1602470868062
-0.9033203125,-0.4072265625,-0.05126953125,903,1602470868077
-1.0074462890625,-0.44384765625,-0.0489501953125,903,1602470868084
-1.0030517578125,-0.5003662109375,-0.0185546875,904,1602470868092
-0.90576171875,-0.56298828125,0.0111083984375,904,1602470868107
-0.8079833984375,-0.56689453125,0.0181884765625,904,1602470868114
-0.7972412109375,-0.4974365234375,0.0091552734375,905,1602470868122
-0.8795166015625,-0.4263916015625,0.0018310546875,905,1602470868137
-0.98583984375,-0.4208984375,-0.0205078125,905,1602470868144
-0.9940185546875,-0.4757080078125,-0.0333251953125,905,1602470868152
-0.939697265625,-0.50927734375,-0.0546875,906,1602470868167
-0.78515625,-0.521484375,-0.1287841796875,906,1602470868174
-0.6649169921875,-0.5306396484375,-0.050537109375,906,1602470868182
-0.8221435546875,-0.527587890625,0.0120849609375,907,1602470868204
-1.0198974609375,-0.5357666015625,0.0184326171875,907,1602470868212
-0.9744873046875,-0.53125,-0.002685546875,907,1602470868219
-0.8385009765625,-0.5167236328125,0.0155029296875,908,1602470868227
-0.8536376953125,-0.4951171875,0.031494140625,908,1602470868234
-1.0015869140625,-0.49365234375,0.0224609375,908,1602470868242
-1.10498046875,-0.497802734375,0.038330078125,908,1602470868257
-1.077392578125,-0.489013671875,0.1025390625,909,1602470868264
-0.993408203125,-0.462890625,0.1414794921875,909,1602470868272
-0.91650390625,-0.456298828125,0.1424560546875,909,1602470868287
-0.8758544921875,-0.5028076171875,0.12158203125,910,1602470868294
-0.865966796875,-0.52783203125,0.1143798828125,910,1602470868302
-0.87841796875,-0.5130615234375,0.1334228515625,910,1602470868317
-0.9046630859375,-0.5361328125,0.167236328125,911,1602470868324
-0.9156494140625,-0.59326171875,0.1708984375,911,1602470868332
-0.903076171875,-0.6182861328125,0.1873779296875,911,1602470868347
-0.8740234375,-0.6033935546875,0.1451416015625,911,1602470868354
-0.830322265625,-0.58154296875,0.1396484375,912,1602470868362
-0.80029296875,-0.56494140625,0.1414794921875,912,1602470868377
-0.8165283203125,-0.557373046875,0.14599609375,912,1602470868384
-0.872314453125,-0.5367431640625,0.156005859375,913,1602470868392
-0.9302978515625,-0.53759765625,0.16455078125,913,1602470868407
-0.9490966796875,-0.5517578125,0.1824951171875,913,1602470868414
-0.95263671875,-0.540771484375,0.20166015625,914,1602470868422
-0.9560546875,-0.526611328125,0.233642578125,914,1602470868437
-0.916015625,-0.5301513671875,0.228759765625,914,1602470868444
-0.7945556640625,-0.550048828125,0.1849365234375,914,1602470868452
-0.7274169921875,-0.541748046875,0.2744140625,915,1602470868467
-0.791015625,-0.5008544921875,0.3184814453125,915,1602470868474
-0.7342529296875,-0.54345703125,0.2606201171875,916,1602470868489
-0.5941162109375,-0.5848388671875,0.220947265625,916,1602470868504
-0.515380859375,-0.572021484375,0.269287109375,916,1602470868512
-0.4796142578125,-0.539794921875,0.3126220703125,916,1602470868519
-0.5302734375,-0.5477294921875,0.275390625,917,1602470868527
-0.535888671875,-0.616943359375,0.2176513671875,917,1602470868534
-0.5372314453125,-0.660888671875,0.0587158203125,917,1602470868542
-0.6817626953125,-0.7099609375,0.020263671875,917,1602470868557
-0.7967529296875,-0.7373046875,0.038330078125,918,1602470868564
-0.755615234375,-0.7481689453125,0.07177734375,918,1602470868572
-0.6478271484375,-0.730712890625,0.1513671875,918,1602470868587
-0.620361328125,-0.707275390625,0.16748046875,919,1602470868594
-0.7008056640625,-0.716796875,0.1461181640625,919,1602470868602
-0.757080078125,-0.7420654296875,0.1751708984375,919,1602470868617
-0.782470703125,-0.7452392578125,0.155029296875,919,1602470868624
-0.8289794921875,-0.7191162109375,0.1070556640625,920,1602470868632
-0.846923828125,-0.693359375,0.140869140625,920,1602470868647
-0.8114013671875,-0.67138671875,0.1981201171875,920,1602470868654
-0.7762451171875,-0.650390625,0.2176513671875,921,1602470868662
-0.7542724609375,-0.63671875,0.2237548828125,921,1602470868677
-0.759765625,-0.6304931640625,0.2042236328125,921,1602470868684
-0.754150390625,-0.6324462890625,0.208984375,922,1602470868692
-0.7330322265625,-0.633544921875,0.2027587890625,922,1602470868707
-0.7589111328125,-0.631103515625,0.1845703125,922,1602470868714
-0.7843017578125,-0.639404296875,0.22412109375,922,1602470868722
-0.7911376953125,-0.6461181640625,0.2408447265625,923,1602470868737
-0.831787109375,-0.6534423828125,0.2152099609375,923,1602470868744
-0.8240966796875,-0.6656494140625,0.2196044921875,923,1602470868752
-0.709228515625,-0.6806640625,0.2567138671875,924,1602470868767
-0.66748046875,-0.6707763671875,0.31103515625,924,1602470868774
-0.803955078125,-0.612060546875,0.3656005859375,924,1602470868782
-0.8087158203125,-0.6326904296875,0.352294921875,925,1602470868804
-0.601318359375,-0.69091796875,0.39697265625,925,1602470868812
-0.5567626953125,-0.5970458984375,0.372314453125,925,1602470868819
-0.6669921875,-0.46240234375,0.2591552734375,926,1602470868827
-0.678466796875,-0.5361328125,0.1798095703125,926,1602470868834
-0.8880615234375,-0.7845458984375,0.1470947265625,926,1602470868842
-0.8719482421875,-0.921142578125,0.185791015625,926,1602470868849
-0.6103515625,-0.8125,0.2265625,927,1602470868864
-0.6077880859375,-0.652587890625,0.2607421875,927,1602470868872
-0.7264404296875,-0.57373046875,0.2869873046875,927,1602470868879
-0.8173828125,-0.5587158203125,0.297119140625,928,1602470868894
-0.833740234375,-0.6085205078125,0.3084716796875,928,1602470868902
-0.7529296875,-0.6700439453125,0.323486328125,928,1602470868909
-0.67529296875,-0.669921875,0.3251953125,928,1602470868924
-0.6513671875,-0.6593017578125,0.3424072265625,929,1602470868932
-0.6611328125,-0.65283203125,0.3526611328125,929,1602470868939
-0.71875,-0.6180419921875,0.32373046875,929,1602470868954
-0.767333984375,-0.5748291015625,0.2601318359375,930,1602470868962
-0.8792724609375,-0.5811767578125,0.14990234375,930,1602470868969
-0.8226318359375,-0.7021484375,0.2484130859375,930,1602470868984
-0.6396484375,-0.7481689453125,0.3162841796875,930,1602470868992
-0.7337646484375,-0.63525390625,0.323486328125,931,1602470868999
-0.7095947265625,-0.636474609375,0.354736328125,931,1602470869014
-0.6912841796875,-0.71142578125,0.34521484375,931,1602470869022
-0.705322265625,-0.7037353515625,0.3218994140625,932,1602470869029
-0.677978515625,-0.6241455078125,0.3116455078125,932,1602470869044
-0.73095703125,-0.61474609375,0.2384033203125,932,1602470869052
-0.8330078125,-0.6458740234375,0.1722412109375,933,1602470869059
-0.872314453125,-0.6810302734375,0.133056640625,933,1602470869074
-0.74853515625,-0.728271484375,0.254150390625,933,1602470869082
-0.5845947265625,-0.66650390625,0.3875732421875,933,1602470869089
-0.6878662109375,-0.52783203125,0.4630126953125,934,1602470869104
-0.7764892578125,-0.514404296875,0.47412109375,934,1602470869112
-0.8609619140625,-0.5833740234375,0.4295654296875,934,1602470869119
-0.82373046875,-0.620849609375,0.348388671875,935,1602470869134
-0.6710205078125,-0.6630859375,0.287841796875,935,1602470869142
-0.603759765625,-0.6990966796875,0.23583984375,935,1602470869149
-0.6104736328125,-0.6932373046875,0.184326171875,936,1602470869164
-0.6363525390625,-0.7003173828125,0.1650390625,936,1602470869172
-0.7301025390625,-0.7076416015625,0.2320556640625,936,1602470869179
-0.7828369140625,-0.6546630859375,0.28271484375,937,1602470869194
-0.8270263671875,-0.595458984375,0.3101806640625,937,1602470869202
-0.7750244140625,-0.6309814453125,0.464599609375,937,1602470869209
-0.7515869140625,-0.6160888671875,0.4942626953125,937,1602470869224
-0.8302001953125,-0.5447998046875,0.479248046875,938,1602470869232
-0.70361328125,-0.6103515625,0.423828125,938,1602470869239
-0.652099609375,-0.6993408203125,0.343017578125,938,1602470869254
-0.6241455078125,-0.697509765625,0.276611328125,938,1602470869262
-0.6392822265625,-0.652099609375,0.251708984375,939,1602470869269
-0.6624755859375,-0.621337890625,0.25732421875,939,1602470869284
-0.6529541015625,-0.5943603515625,0.29248046875,939,1602470869292
-0.6778564453125,-0.589599609375,0.3311767578125,940,1602470869299
-0.741455078125,-0.58349609375,0.3773193359375,940,1602470869314
-0.764892578125,-0.599609375,0.4063720703125,940,1602470869322
-0.76123046875,-0.6365966796875,0.4395751953125,941,1602470869329
-0.74755859375,-0.6551513671875,0.4136962890625,941,1602470869344
-0.690185546875,-0.667724609375,0.3458251953125,941,1602470869352
-0.6795654296875,-0.6727294921875,0.228271484375,941,1602470869359
-0.7706298828125,-0.6881103515625,0.161376953125,942,1602470869374
-0.80078125,-0.688232421875,0.1927490234375,942,1602470869382
-0.7630615234375,-0.65869140625,0.209228515625,942,1602470869389
-0.6943359375,-0.638916015625,0.182373046875,943,1602470869404
-0.6575927734375,-0.6300048828125,0.2230224609375,943,1602470869412
-0.684326171875,-0.6171875,0.2745361328125,943,1602470869419
-0.74462890625,-0.5970458984375,0.2806396484375,944,1602470869434
-0.720947265625,-0.5673828125,0.296875,944,1602470869442
-0.7298583984375,-0.5367431640625,0.22412109375,944,1602470869449
-1.050537109375,-0.4942626953125,0.3221435546875,945,1602470869464
-0.927978515625,-0.485595703125,0.425048828125,945,1602470869472
-0.693603515625,-0.569580078125,0.3165283203125,945,1602470869479
-0.8170166015625,-0.655517578125,0.2496337890625,946,1602470869494
-0.8599853515625,-0.6871337890625,0.2166748046875,946,1602470869502
-0.826171875,-0.671875,0.1593017578125,946,1602470869509
-0.784423828125,-0.6514892578125,0.090576171875,946,1602470869524
-0.76513671875,-0.6453857421875,0.06396484375,947,1602470869532
-0.804931640625,-0.638427734375,0.0765380859375,947,1602470869539
-0.8494873046875,-0.6258544921875,0.0726318359375,947,1602470869554
-0.8704833984375,-0.622802734375,0.058837890625,948,1602470869562
-0.882080078125,-0.6207275390625,0.0584716796875,948,1602470869569
-0.869384765625,-0.608642578125,0.060302734375,948,1602470869584
-0.839599609375,-0.5955810546875,0.03955078125,948,1602470869592
-0.8277587890625,-0.5960693359375,-0.0303955078125,949,1602470869599
-0.83984375,-0.6092529296875,-0.08642578125,949,1602470869614
-0.8265380859375,-0.62060546875,-0.083984375,949,1602470869622
-0.797119140625,-0.617431640625,-0.0396728515625,949,1602470869629
-0.788818359375,-0.60693359375,-0.0078125,950,1602470869644
-0.794189453125,-0.6063232421875,0.0040283203125,950,1602470869652
-0.798828125,-0.617431640625,0.0343017578125,950,1602470869659
-0.8057861328125,-0.62646484375,0.048583984375,951,1602470869674
-0.8087158203125,-0.6243896484375,0.0113525390625,951,1602470869682
-0.7850341796875,-0.6290283203125,-0.0108642578125,951,1602470869689
-0.774169921875,-0.62451171875,0.010498046875,952,1602470869704
-0.8150634765625,-0.6064453125,0.031005859375,952,1602470869712
-0.8502197265625,-0.604736328125,0.0391845703125,952,1602470869719
-0.8470458984375,-0.62548828125,0.0428466796875,953,1602470869734
-0.8267822265625,-0.6409912109375,0.0521240234375,953,1602470869742
-0.8013916015625,-0.6217041015625,0.043212890625,953,1602470869749
-0.768798828125,-0.5771484375,0.134765625,954,1602470869764
-0.6719970703125,-0.483642578125,0.34228515625,954,1602470869772
-0.5567626953125,-0.39306640625,0.341552734375,954,1602470869779
-0.68017578125,-0.463134765625,0.1126708984375,955,1602470869794
-0.91064453125,-0.6220703125,-0.03759765625,955,1602470869802
-0.968017578125,-0.7247314453125,-0.0816650390625,955,1602470869809
-0.952392578125,-0.676025390625,-0.051513671875,955,1602470869824
-0.8912353515625,-0.5494384765625,0.0618896484375,956,1602470869832
-0.852783203125,-0.4781494140625,0.1204833984375,956,1602470869839
-0.817626953125,-0.541259765625,0.1651611328125,956,1602470869854
-0.747314453125,-0.5657958984375,0.199462890625,956,1602470869862
-0.786376953125,-0.4615478515625,0.1796875,957,1602470869869
-0.905029296875,-0.43603515625,0.084228515625,957,1602470869884
-0.8974609375,-0.5789794921875,-0.0164794921875,957,1602470869892
-0.8853759765625,-0.6864013671875,-0.056884765625,958,1602470869899
-0.998291015625,-0.6822509765625,-0.0877685546875,958,1602470869914
-1.0574951171875,-0.6424560546875,-0.0697021484375,958,1602470869922
-0.96240234375,-0.6190185546875,0.0294189453125,959,1602470869929
-0.8370361328125,-0.5745849609375,0.0897216796875,959,1602470869944
-0.7626953125,-0.5140380859375,0.0509033203125,959,1602470869952
-0.75439453125,-0.4912109375,0.0374755859375,959,1602470869959
-0.7806396484375,-0.4984130859375,0.0662841796875,960,1602470869967
-0.8309326171875,-0.5130615234375,0.062744140625,960,1602470869982
-0.89892578125,-0.5482177734375,0.0380859375,960,1602470869989
-0.9483642578125,-0.545654296875,0.0655517578125,960,1602470869997
-0.926513671875,-0.4886474609375,0.121826171875,961,1602470870012
-0.86669921875,-0.4544677734375,0.1583251953125,961,1602470870019
-0.823974609375,-0.49169921875,0.1591796875,961,1602470870027
-0.8863525390625,-0.561279296875,0.1494140625,962,1602470870042
-0.95849609375,-0.58642578125,0.1036376953125,962,1602470870049
-0.8975830078125,-0.5042724609375,0.0361328125,962,1602470870057
-0.815185546875,-0.46826171875,-0.0006103515625,963,1602470870072
-0.830078125,-0.50830078125,0.0018310546875,963,1602470870079
-0.8641357421875,-0.5606689453125,0.0159912109375,963,1602470870087
-0.8494873046875,-0.574951171875,0.0198974609375,964,1602470870102
-0.827392578125,-0.5654296875,0.0367431640625,964,1602470870109
-0.8243408203125,-0.570556640625,0.0540771484375,964,1602470870117
-0.8349609375,-0.5731201171875,0.079833984375,965,1602470870132
-0.835205078125,-0.5570068359375,0.0701904296875,965,1602470870139
-0.85498046875,-0.53759765625,0.0340576171875,965,1602470870147
-0.8988037109375,-0.5006103515625,0.0045166015625,965,1602470870162
-0.91015625,-0.5140380859375,0.025146484375,966,1602470870169
-0.8853759765625,-0.540283203125,-0.02880859375,966,1602470870177
-0.8404541015625,-0.522705078125,-0.0675048828125,966,1602470870192
-0.6910400390625,-0.515380859375,-0.0784912109375,967,1602470870199
-0.6248779296875,-0.5111083984375,-0.057861328125,967,1602470870207
-0.690185546875,-0.505126953125,-0.0537109375,967,1602470870222
-0.7796630859375,-0.5201416015625,-0.0592041015625,968,1602470870229
-0.84912109375,-0.533935546875,-0.040771484375,968,1602470870237
-0.9371337890625,-0.5023193359375,-0.0028076171875,968,1602470870252
-1.0108642578125,-0.4793701171875,-0.020751953125,968,1602470870259
-1.05029296875,-0.4896240234375,0.0023193359375,969,1602470870267
-1.0228271484375,-0.4820556640625,0.030029296875,969,1602470870282
-0.9620361328125,-0.4390869140625,0.0194091796875,969,1602470870289
-0.8935546875,-0.4063720703125,-0.0020751953125,969,1602470870297
-0.8765869140625,-0.4195556640625,-0.022705078125,970,1602470870312
-0.9481201171875,-0.46533203125,-0.029052734375,970,1602470870319
-1.00439453125,-0.509765625,0.0355224609375,970,1602470870327
-0.966796875,-0.5032958984375,0.043701171875,971,1602470870342
-0.8775634765625,-0.4801025390625,-0.0208740234375,971,1602470870349
-0.7906494140625,-0.467041015625,-0.070068359375,971,1602470870357
-0.748291015625,-0.4437255859375,-0.1116943359375,972,1602470870372
-0.768310546875,-0.4268798828125,-0.225341796875,972,1602470870379
-0.7681884765625,-0.4588623046875,-0.314208984375,972,1602470870387
-0.7677001953125,-0.587890625,-0.3209228515625,973,1602470870402
-0.7899169921875,-0.678955078125,-0.387451171875,973,1602470870409
-0.8218994140625,-0.672607421875,-0.3543701171875,973,1602470870417
-0.849853515625,-0.537841796875,-0.263916015625,974,1602470870432
-0.892333984375,-0.420166015625,-0.302734375,974,1602470870439
-0.9256591796875,-0.4007568359375,-0.447265625,974,1602470870447
-0.880859375,-0.4256591796875,-0.5057373046875,974,1602470870462
-0.715087890625,-0.4530029296875,-0.45849609375,975,1602470870469
-0.6192626953125,-0.4642333984375,-0.4212646484375,975,1602470870477
-0.7431640625,-0.4560546875,-0.42236328125,975,1602470870492
-0.8773193359375,-0.48779296875,-0.441650390625,976,1602470870499
-0.8980712890625,-0.5296630859375,-0.4306640625,976,1602470870507
-0.83349609375,-0.529052734375,-0.42529296875,976,1602470870522
-0.7930908203125,-0.4947509765625,-0.4228515625,976,1602470870529
-0.809814453125,-0.4791259765625,-0.41064453125,977,1602470870537
-0.8248291015625,-0.4927978515625,-0.4063720703125,977,1602470870552
-0.796875,-0.508544921875,-0.4232177734375,977,1602470870559
-0.7581787109375,-0.5054931640625,-0.4227294921875,978,1602470870567
-0.7264404296875,-0.48876953125,-0.4305419921875,978,1602470870582
-0.7469482421875,-0.46240234375,-0.4171142578125,978,1602470870589
-0.78076171875,-0.4666748046875,-0.4268798828125,978,1602470870597
-0.8001708984375,-0.4486083984375,-0.444091796875,979,1602470870612
-0.8079833984375,-0.4217529296875,-0.438720703125,979,1602470870619
-0.8460693359375,-0.4169921875,-0.44580078125,979,1602470870627
-0.838134765625,-0.4189453125,-0.4581298828125,980,1602470870642
-0.7010498046875,-0.3992919921875,-0.4490966796875,980,1602470870649
-0.5328369140625,-0.40478515625,-0.4608154296875,980,1602470870657
-0.607421875,-0.424072265625,-0.4320068359375,981,1602470870672
-0.8616943359375,-0.4635009765625,-0.4495849609375,981,1602470870679
-1.001708984375,-0.503173828125,-0.487548828125,981,1602470870687
-0.9759521484375,-0.5089111328125,-0.468505859375,982,1602470870702
-0.8651123046875,-0.4866943359375,-0.44677734375,982,1602470870709
-0.7633056640625,-0.4417724609375,-0.443359375,982,1602470870717
-0.677001953125,-0.418701171875,-0.452880859375,982,1602470870732
-0.6253662109375,-0.425048828125,-0.489501953125,983,1602470870739
-0.64111328125,-0.43212890625,-0.54052734375,983,1602470870747
-0.7152099609375,-0.4400634765625,-0.5623779296875,983,1602470870762
-0.7982177734375,-0.451171875,-0.5509033203125,984,1602470870769
-0.824462890625,-0.4666748046875,-0.5567626953125,984,1602470870777
-0.802978515625,-0.4671630859375,-0.5645751953125,984,1602470870792
-0.760498046875,-0.447998046875,-0.577392578125,985,1602470870799
-0.6904296875,-0.43701171875,-0.59765625,985,1602470870807
-0.613037109375,-0.431884765625,-0.6123046875,985,1602470870822
-0.511474609375,-0.4229736328125,-0.6483154296875,985,1602470870829
-0.4676513671875,-0.404052734375,-0.7015380859375,986,1602470870837
-0.5247802734375,-0.40283203125,-0.70947265625,986,1602470870852
-0.6380615234375,-0.4449462890625,-0.7294921875,986,1602470870859
-0.7581787109375,-0.496826171875,-0.7537841796875,987,1602470870867
-0.80908203125,-0.5078125,-0.7606201171875,987,1602470870882
-0.777099609375,-0.4808349609375,-0.7342529296875,987,1602470870890
-0.72900390625,-0.4471435546875,-0.7142333984375,987,1602470870897
-0.707275390625,-0.4156494140625,-0.6646728515625,988,1602470870912
-0.725341796875,-0.39892578125,-0.627685546875,988,1602470870919
-0.744384765625,-0.39794921875,-0.6304931640625,988,1602470870927
-0.7327880859375,-0.3717041015625,-0.6827392578125,989,1602470870942
-0.6905517578125,-0.3409423828125,-0.626220703125,989,1602470870949
-0.6429443359375,-0.4228515625,-0.6326904296875,989,1602470870957
-0.5849609375,-0.507080078125,-0.6353759765625,990,1602470870972
-0.585693359375,-0.480712890625,-0.5548095703125,990,1602470870979
-0.677490234375,-0.41357421875,-0.5003662109375,990,1602470870987
-0.73095703125,-0.390625,-0.504638671875,991,1602470871002
-0.7412109375,-0.4134521484375,-0.52734375,991,1602470871009
-0.78466796875,-0.44140625,-0.5184326171875,991,1602470871017
-0.7786865234375,-0.453857421875,-0.502685546875,991,1602470871032
-0.730712890625,-0.4296875,-0.524658203125,992,1602470871039
-0.719482421875,-0.41259765625,-0.504150390625,992,1602470871047
-0.741455078125,-0.4185791015625,-0.455078125,992,1602470871062
-0.7423095703125,-0.420654296875,-0.440673828125,993,1602470871069
-0.726806640625,-0.426025390625,-0.4566650390625,993,1602470871077
-0.6943359375,-0.4510498046875,-0.4920654296875,993,1602470871092
-0.7447509765625,-0.4722900390625,-0.5118408203125,993,1602470871099
-0.89013671875,-0.464111328125,-0.539794921875,994,1602470871107
-1.031005859375,-0.4732666015625,-0.5391845703125,994,1602470871114
-1.0782470703125,-0.46337890625,-0.5289306640625,994,1602470871129
-1.008056640625,-0.4300537109375,-0.481201171875,995,1602470871137
-0.919189453125,-0.3997802734375,-0.4134521484375,995,1602470871144
-0.9134521484375,-0.385498046875,-0.3505859375,995,1602470871159
-0.9522705078125,-0.3934326171875,-0.30126953125,996,1602470871167
-0.9827880859375,-0.4197998046875,-0.249267578125,996,1602470871174
-0.997802734375,-0.4444580078125,-0.230224609375,996,1602470871189
-0.9710693359375,-0.453857421875,-0.2200927734375,996,1602470871197
-0.8892822265625,-0.450927734375,-0.182861328125,997,1602470871204
-0.78271484375,-0.4293212890625,-0.1326904296875,997,1602470871219
-0.6748046875,-0.392578125,-0.11474609375,997,1602470871227
-0.60498046875,-0.3697509765625,-0.1102294921875,998,1602470871234
-0.5692138671875,-0.371337890625,-0.0947265625,998,1602470871249
-0.689453125,-0.3592529296875,-0.0394287109375,998,1602470871257
-0.975341796875,-0.366943359375,0.010009765625,998,1602470871264
-0.98779296875,-0.473876953125,-0.037841796875,999,1602470871279
-0.955078125,-0.5242919921875,-0.0960693359375,999,1602470871287
-0.95703125,-0.458984375,-0.1439208984375,999,1602470871294
-0.837646484375,-0.4151611328125,-0.1490478515625,1000,1602470871309
-0.6810302734375,-0.414306640625,-0.1690673828125,1000,1602470871317
-0.70263671875,-0.425048828125,-0.233642578125,1000,1602470871324
-0.7991943359375,-0.4781494140625,-0.2625732421875,1001,1602470871339
-0.83349609375,-0.5396728515625,-0.179443359375,1001,1602470871347
-0.850830078125,-0.5548095703125,-0.0859375,1001,1602470871354
-0.898193359375,-0.5062255859375,-0.044921875,1002,1602470871369
-0.87255859375,-0.4481201171875,-0.0462646484375,1002,1602470871377
-0.83251953125,-0.3990478515625,-0.043212890625,1002,1602470871384
-0.7974853515625,-0.3812255859375,-0.0418701171875,1002,1602470871399
-0.809814453125,-0.4244384765625,-0.089599609375,1003,1602470871407
-0.8995361328125,-0.4820556640625,-0.156005859375,1003,1602470871414
-0.9820556640625,-0.5032958984375,-0.1937255859375,1003,1602470871429
-1.017578125,-0.48974609375,-0.2249755859375,1004,1602470871437
-1.0184326171875,-0.4539794921875,-0.2364501953125,1004,1602470871444
-1.0185546875,-0.4283447265625,-0.243408203125,1004,1602470871459
-1.0352783203125,-0.4249267578125,-0.234130859375,1004,1602470871467
-1.02490234375,-0.417236328125,-0.21484375,1005,1602470871474
-0.9417724609375,-0.429931640625,-0.1925048828125,1005,1602470871489
-0.7830810546875,-0.4581298828125,-0.1910400390625,1005,1602470871497
-0.6864013671875,-0.4451904296875,-0.1617431640625,1006,1602470871504
-0.706787109375,-0.40478515625,-0.12939453125,1006,1602470871519
-0.829833984375,-0.399658203125,-0.13037109375,1006,1602470871527
-1.0177001953125,-0.4486083984375,-0.1766357421875,1007,1602470871534
-1.1043701171875,-0.4896240234375,-0.176513671875,1007,1602470871549
-1.0325927734375,-0.5040283203125,-0.130126953125,1007,1602470871557
-0.94921875,-0.46923828125,-0.0963134765625,1007,1602470871564
-0.8931884765625,-0.410888671875,-0.09130859375,1008,1602470871579
-0.8360595703125,-0.4034423828125,-0.086669921875,1008,1602470871587
-0.8087158203125,-0.4166259765625,-0.0743408203125,1008,1602470871594
-0.7991943359375,-0.4149169921875,-0.0540771484375,1009,1602470871609
-0.8551025390625,-0.4163818359375,-0.049072265625,1009,1602470871617
-0.921142578125,-0.44091796875,-0.0631103515625,1009,1602470871624
-0.9293212890625,-0.4632568359375,-0.0496826171875,1010,1602470871639
-0.91796875,-0.438232421875,0.00146484375,1010,1602470871647
-0.8837890625,-0.4205322265625,0.0064697265625,1010,1602470871654
-0.8116455078125,-0.43994140625,-0.0419921875,1010,1602470871669
-0.8070068359375,-0.432373046875,-0.066162109375,1011,1602470871677
-0.8599853515625,-0.4005126953125,-0.07080078125,1011,1602470871684
-0.9271240234375,-0.38330078125,-0.0594482421875,1011,1602470871699
-0.9713134765625,-0.3988037109375,-0.0430908203125,1012,1602470871707
-1.03564453125,-0.4210205078125,-0.023193359375,1012,1602470871714
-1.120849609375,-0.4146728515625,0.0361328125,1012,1602470871729
-1.1064453125,-0.3765869140625,0.1046142578125,1012,1602470871737
-1.0396728515625,-0.352294921875,0.1488037109375,1013,1602470871744
-1.0400390625,-0.3470458984375,0.1866455078125,1013,1602470871759
-1.0804443359375,-0.3614501953125,0.2001953125,1013,1602470871767
-1.047119140625,-0.381591796875,0.18115234375,1014,1602470871774
-0.962890625,-0.3555908203125,0.1597900390625,1014,1602470871789
-0.9442138671875,-0.2821044921875,0.0611572265625,1014,1602470871797
-0.8995361328125,-0.3077392578125,-0.015380859375,1015,1602470871804
-0.775146484375,-0.42529296875,-0.116455078125,1015,1602470871819
-0.5791015625,-0.4962158203125,-0.2803955078125,1015,1602470871827
-0.605224609375,-0.5,-0.3153076171875,1015,1602470871834
-0.777099609375,-0.482666015625,-0.29248046875,1016,1602470871849
-0.89306640625,-0.4404296875,-0.24267578125,1016,1602470871857
-0.9417724609375,-0.4071044921875,-0.1888427734375,1016,1602470871865
-0.961181640625,-0.4158935546875,-0.1507568359375,1017,1602470871879
-0.9783935546875,-0.4229736328125,-0.141845703125,1017,1602470871887
-0.998046875,-0.3778076171875,-0.13818359375,1017,1602470871894
-0.9349365234375,-0.3408203125,-0.09912109375,1018,1602470871909
-0.8939208984375,-0.3411865234375,-0.087890625,1018,1602470871917
-0.8968505859375,-0.3153076171875,-0.104248046875,1018,1602470871925
-0.903076171875,-0.3326416015625,-0.1209716796875,1019,1602470871939
-0.9111328125,-0.35107421875,-0.11962890625,1019,1602470871947
-0.936279296875,-0.356201171875,-0.1162109375,1019,1602470871954
-0.955078125,-0.3751220703125,-0.1043701171875,1019,1602470871969
-0.993408203125,-0.391357421875,-0.085205078125,1020,1602470871977
-0.9725341796875,-0.392578125,-0.05859375,1020,1602470871984
-0.87109375,-0.3734130859375,-0.069091796875,1020,1602470871999
-0.8277587890625,-0.34521484375,-0.0784912109375,1021,1602470872007
-0.86376953125,-0.329345703125,-0.087890625,1021,1602470872014
-0.958251953125,-0.33740234375,-0.09814453125,1021,1602470872029
-1.04296875,-0.3565673828125,-0.0887451171875,1021,1602470872037
-1.04443359375,-0.36767578125,-0.084716796875,1022,1602470872044
-1.028076171875,-0.3521728515625,-0.0618896484375,1022,1602470872059
-1.02099609375,-0.3372802734375,-0.038818359375,1022,1602470872067
-0.991455078125,-0.32958984375,-0.018798828125,1023,1602470872074
-0.954833984375,-0.3270263671875,0.0020751953125,1023,1602470872089
-0.914794921875,-0.3184814453125,0.0064697265625,1023,1602470872097
-0.905517578125,-0.313720703125,-0.005615234375,1023,1602470872104
-0.9337158203125,-0.3206787109375,-0.02001953125,1024,1602470872119
-0.9698486328125,-0.325927734375,-0.0299072265625,1024,1602470872127
-0.991455078125,-0.3348388671875,-0.0118408203125,1024,1602470872134
-0.9896240234375,-0.3375244140625,0.011962890625,1025,1602470872149
-1.009765625,-0.3323974609375,0.0302734375,1025,1602470872157
-0.9569091796875,-0.33251953125,0.033935546875,1025,1602470872164
-0.8594970703125,-0.3204345703125,0.020263671875,1026,1602470872179
-0.8466796875,-0.2969970703125,0.0157470703125,1026,1602470872187
-0.910400390625,-0.2828369140625,0.0145263671875,1026,1602470872194
-0.960693359375,-0.295166015625,0.00927734375,1026,1602470872202
-0.96435546875,-0.3179931640625,0.0230712890625,1027,1602470872217
-0.9886474609375,-0.3294677734375,0.0709228515625,1027,1602470872224
-0.9757080078125,-0.3055419921875,0.1142578125,1027,1602470872232
-0.982177734375,-0.2884521484375,0.1375732421875,1028,1602470872247
-0.9990234375,-0.302978515625,0.1434326171875,1028,1602470872254
-0.9842529296875,-0.3056640625,0.1458740234375,1028,1602470872262
-0.958984375,-0.2911376953125,0.1529541015625,1029,1602470872277
-0.941650390625,-0.2705078125,0.16162109375,1029,1602470872284
-0.9525146484375,-0.2608642578125,0.155029296875,1029,1602470872292
-0.991943359375,-0.256591796875,0.154052734375,1030,1602470872307
-1.0162353515625,-0.2333984375,0.2159423828125,1030,1602470872314
-0.9097900390625,-0.2474365234375,0.2213134765625,1030,1602470872322
-1.0535888671875,-0.2943115234375,0.185546875,1030,1602470872337
-1.09912109375,-0.2562255859375,0.186279296875,1031,1602470872345
-0.9639892578125,-0.2451171875,0.1712646484375,1031,1602470872352
-0.9339599609375,-0.2523193359375,0.156494140625,1031,1602470872367
-0.91650390625,-0.257080078125,0.1646728515625,1032,1602470872375
-0.91650390625,-0.2730712890625,0.18115234375,1032,1602470872382
-0.9427490234375,-0.2750244140625,0.182373046875,1032,1602470872397
-0.947265625,-0.2860107421875,0.1851806640625,1032,1602470872404
-0.92724609375,-0.30419921875,0.1978759765625,1033,1602470872412
-0.9033203125,-0.3104248046875,0.22216796875,1033,1602470872427
-0.8885498046875,-0.3072509765625,0.257080078125,1033,1602470872434
-0.880126953125,-0.2767333984375,0.2874755859375,1034,1602470872442
-0.9510498046875,-0.284912109375,0.2606201171875,1034,1602470872457
-0.9337158203125,-0.2745361328125,0.2691650390625,1034,1602470872464
-0.9033203125,-0.2657470703125,0.280029296875,1034,1602470872472
-0.897705078125,-0.2705078125,0.2598876953125,1035,1602470872487
-0.917724609375,-0.2728271484375,0.2283935546875,1035,1602470872494
-0.9451904296875,-0.2724609375,0.2135009765625,1035,1602470872502
-0.9732666015625,-0.2843017578125,0.24951171875,1036,1602470872517
-0.99609375,-0.2928466796875,0.281982421875,1036,1602470872524
-0.9898681640625,-0.289794921875,0.2857666015625,1036,1602470872532
-0.9810791015625,-0.296875,0.2916259765625,1037,1602470872547
-0.9195556640625,-0.2772216796875,0.308837890625,1037,1602470872555
-0.8890380859375,-0.2701416015625,0.3216552734375,1037,1602470872562
-0.937744140625,-0.2679443359375,0.335205078125,1038,1602470872577
-0.922607421875,-0.293701171875,0.352783203125,1038,1602470872584
-0.8802490234375,-0.2955322265625,0.39404296875,1038,1602470872592
-0.8394775390625,-0.2681884765625,0.3935546875,1039,1602470872607
-0.8935546875,-0.2984619140625,0.40869140625,1039,1602470872614
-0.901123046875,-0.30712890625,0.4237060546875,1039,1602470872622
-0.8460693359375,-0.29345703125,0.447021484375,1039,1602470872637
-0.8280029296875,-0.2823486328125,0.46875,1040,1602470872644
-0.812255859375,-0.28369140625,0.4847412109375,1040,1602470872652
-0.8114013671875,-0.2838134765625,0.501220703125,1040,1602470872667
-0.8040771484375,-0.2857666015625,0.5113525390625,1041,1602470872674
-0.78759765625,-0.308837890625,0.51025390625,1041,1602470872682
-0.76708984375,-0.330078125,0.517822265625,1041,1602470872697
-0.7398681640625,-0.331787109375,0.544189453125,1041,1602470872704
-0.724853515625,-0.3134765625,0.5714111328125,1042,1602470872712
-0.701904296875,-0.30126953125,0.598876953125,1042,1602470872727
-0.6773681640625,-0.3077392578125,0.6165771484375,1042,1602470872734
-0.661376953125,-0.318359375,0.62939453125,1043,1602470872742
-0.637451171875,-0.322265625,0.630126953125,1043,1602470872757
-0.6221923828125,-0.322998046875,0.6214599609375,1043,1602470872764
-0.657470703125,-0.3140869140625,0.630126953125,1043,1602470872772
-0.696533203125,-0.3009033203125,0.632568359375,1044,1602470872787
-0.716796875,-0.324951171875,0.6607666015625,1044,1602470872794
-0.7257080078125,-0.332763671875,0.653076171875,1044,1602470872802
-0.73291015625,-0.3192138671875,0.6463623046875,1045,1602470872817
-0.7254638671875,-0.3074951171875,0.6566162109375,1045,1602470872824
-0.7017822265625,-0.3048095703125,0.6651611328125,1045,1602470872832
-0.6976318359375,-0.2969970703125,0.666748046875,1046,1602470872847
-0.7017822265625,-0.2811279296875,0.671142578125,1046,1602470872855
-0.69970703125,-0.2860107421875,0.6614990234375,1046,1602470872862
-0.692138671875,-0.29931640625,0.6712646484375,1047,1602470872877
-0.6708984375,-0.2939453125,0.700439453125,1047,1602470872884
-0.6588134765625,-0.2958984375,0.7247314453125,1047,1602470872892
-0.5865478515625,-0.3006591796875,0.7716064453125,1048,1602470872908
-0.5379638671875,-0.2928466796875,0.797119140625,1048,1602470872915
-0.569091796875,-0.300048828125,0.761962890625,1048,1602470872922
-0.6312255859375,-0.3077392578125,0.72265625,1048,1602470872937
-0.6607666015625,-0.3048095703125,0.6949462890625,1049,1602470872945
-0.6805419921875,-0.3023681640625,0.6639404296875,1049,1602470872952
-0.718017578125,-0.3079833984375,0.6180419921875,1049,1602470872967
-0.7650146484375,-0.3155517578125,0.5836181640625,1049,1602470872975
-0.786865234375,-0.310546875,0.5546875,1050,1602470872982
-0.7979736328125,-0.30078125,0.52734375,1050,1602470872997
-0.8330078125,-0.2978515625,0.5076904296875,1050,1602470873004
-0.856201171875,-0.29541015625,0.4942626953125,1051,1602470873012
-0.861572265625,-0.297119140625,0.47998046875,1051,1602470873027
-0.8563232421875,-0.2991943359375,0.459716796875,1051,1602470873034
-0.8372802734375,-0.2991943359375,0.4732666015625,1052,1602470873042
-0.787353515625,-0.307861328125,0.5238037109375,1052,1602470873057
-0.776611328125,-0.326171875,0.52294921875,1052,1602470873064
-0.8009033203125,-0.3187255859375,0.53515625,1052,1602470873072
-0.7843017578125,-0.3017578125,0.571044921875,1053,1602470873087
-0.74560546875,-0.2890625,0.61669921875,1053,1602470873095
-0.7099609375,-0.2711181640625,0.63623046875,1053,1602470873102
-0.6956787109375,-0.260986328125,0.6378173828125,1054,1602470873117
-0.714111328125,-0.2806396484375,0.624267578125,1054,1602470873125
-0.720458984375,-0.32080078125,0.6092529296875,1054,1602470873132
-0.7318115234375,-0.3333740234375,0.6019287109375,1055,1602470873147
-0.7410888671875,-0.32275390625,0.6007080078125,1055,1602470873155
-0.7435302734375,-0.3135986328125,0.600830078125,1055,1602470873162
-0.7401123046875,-0.30615234375,0.604248046875,1056,1602470873177
-0.7470703125,-0.2994384765625,0.6162109375,1056,1602470873184
-0.768798828125,-0.298583984375,0.6123046875,1056,1602470873192
-0.7662353515625,-0.2987060546875,0.599365234375,1056,1602470873207
-0.75,-0.2955322265625,0.5843505859375,1057,1602470873214
-0.75390625,-0.28564453125,0.596923828125,1057,1602470873222
-0.746337890625,-0.2664794921875,0.578857421875,1057,1602470873237
-0.71337890625,-0.283203125,0.600830078125,1058,1602470873244
-0.76123046875,-0.29296875,0.6552734375,1058,1602470873252
-0.8934326171875,-0.3038330078125,0.671630859375,1058,1602470873267
-0.846923828125,-0.3021240234375,0.658203125,1059,1602470873274
-0.7689208984375,-0.2554931640625,0.638671875,1059,1602470873282
-0.7728271484375,-0.232421875,0.6143798828125,1059,1602470873297
-0.7861328125,-0.261474609375,0.5968017578125,1059,1602470873304
-0.78515625,-0.28515625,0.585205078125,1060,1602470873312
-0.7821044921875,-0.2740478515625,0.5926513671875,1060,1602470873327
-0.7664794921875,-0.2646484375,0.5970458984375,1060,1602470873334
-0.7421875,-0.2705078125,0.598388671875,1061,1602470873342
-0.74267578125,-0.2786865234375,0.6146240234375,1061,1602470873349
-0.7628173828125,-0.28662109375,0.6246337890625,1061,1602470873364
-0.7698974609375,-0.286376953125,0.629150390625,1061,1602470873372
-0.75341796875,-0.2822265625,0.6268310546875,1062,1602470873379
-0.7445068359375,-0.294921875,0.605224609375,1062,1602470873394
-0.7462158203125,-0.314208984375,0.5836181640625,1062,1602470873402
-0.752197265625,-0.324462890625,0.5750732421875,1063,1602470873410
-0.7510986328125,-0.3251953125,0.569580078125,1063,1602470873424
-0.7452392578125,-0.32177734375,0.5689697265625,1063,1602470873432
-0.74755859375,-0.32373046875,0.565673828125,1063,1602470873440
-0.7489013671875,-0.327880859375,0.5711669921875,1064,1602470873454
-0.744873046875,-0.323974609375,0.5762939453125,1064,1602470873462
-0.744384765625,-0.326416015625,0.5794677734375,1064,1602470873469
-0.7349853515625,-0.3328857421875,0.5782470703125,1065,1602470873484
-0.72705078125,-0.3363037109375,0.58154296875,1065,1602470873492
-0.734375,-0.3359375,0.5924072265625,1065,1602470873499
-0.7330322265625,-0.3291015625,0.6014404296875,1066,1602470873515
-0.712158203125,-0.3232421875,0.5982666015625,1066,1602470873522
-0.6961669921875,-0.3131103515625,0.60546875,1066,1602470873530
-0.7064208984375,-0.30517578125,0.6224365234375,1067,1602470873545
-0.7021484375,-0.29443359375,0.6075439453125,1067,1602470873552
-0.7152099609375,-0.28271484375,0.610595703125,1067,1602470873560
-0.7432861328125,-0.3438720703125,0.6473388671875,1067,1602470873575
-0.7467041015625,-0.37353515625,0.6385498046875,1068,1602470873582
-0.729248046875,-0.3330078125,0.64892578125,1068,1602470873590
-0.6773681640625,-0.3094482421875,0.6756591796875,1068,1602470873605
-0.6104736328125,-0.3133544921875,0.700439453125,1069,1602470873612
-0.584228515625,-0.3179931640625,0.7344970703125,1069,1602470873619
-0.5799560546875,-0.3135986328125,0.7613525390625,1069,1602470873634
-0.59326171875,-0.289794921875,0.74560546875,1070,1602470873642
-0.650390625,-0.299560546875,0.742919921875,1070,1602470873649
-0.7073974609375,-0.35595703125,0.705322265625,1070,1602470873664
-0.687255859375,-0.357421875,0.711669921875,1070,1602470873672
-0.5968017578125,-0.3221435546875,0.7340087890625,1071,1602470873679
-0.48583984375,-0.3094482421875,0.7659912109375,1071,1602470873694
-0.478759765625,-0.3154296875,0.8226318359375,1071,1602470873702
-0.513916015625,-0.325439453125,0.861083984375,1072,1602470873711
-0.5733642578125,-0.3138427734375,0.8240966796875,1072,1602470873724
-0.6932373046875,-0.3492431640625,0.74609375,1072,1602470873732
-0.7210693359375,-0.3955078125,0.7142333984375,1072,1602470873739
-0.6416015625,-0.3851318359375,0.714111328125,1073,1602470873755
-0.51025390625,-0.358154296875,0.7410888671875,1073,1602470873762
-0.3863525390625,-0.3521728515625,0.80029296875,1073,1602470873770
-0.326904296875,-0.3531494140625,0.8592529296875,1074,1602470873785
-0.3494873046875,-0.35888671875,0.9013671875,1074,1602470873792
-0.43505859375,-0.3773193359375,0.906005859375,1074,1602470873800
-0.5023193359375,-0.3948974609375,0.8812255859375,1075,1602470873814
-0.5447998046875,-0.416015625,0.83984375,1075,1602470873822
-0.5506591796875,-0.42578125,0.8179931640625,1075,1602470873829
-0.482666015625,-0.4122314453125,0.8172607421875,1075,1602470873844
-0.3494873046875,-0.3729248046875,0.828857421875,1076,1602470873852
-0.307373046875,-0.3433837890625,0.851318359375,1076,1602470873859
-0.3653564453125,-0.345947265625,0.8638916015625,1076,1602470873874
-0.430419921875,-0.372802734375,0.8648681640625,1077,1602470873882
-0.443115234375,-0.399169921875,0.865966796875,1077,1602470873889
-0.3975830078125,-0.41455078125,0.8642578125,1077,1602470873904
-0.333740234375,-0.4210205078125,0.834228515625,1078,1602470873912
-0.3094482421875,-0.4510498046875,0.807861328125,1078,1602470873919
-0.2933349609375,-0.4716796875,0.80029296875,1078,1602470873934
-0.2227783203125,-0.4451904296875,0.823974609375,1078,1602470873942
-0.1964111328125,-0.403076171875,0.856689453125,1079,1602470873950
-0.205810546875,-0.3895263671875,0.862060546875,1079,1602470873965
-0.22314453125,-0.4029541015625,0.85009765625,1079,1602470873972
-0.3092041015625,-0.427734375,0.8656005859375,1080,1602470873980
-0.3602294921875,-0.447998046875,0.8922119140625,1080,1602470873995
-0.30517578125,-0.4443359375,0.8916015625,1080,1602470874002
-0.270263671875,-0.4388427734375,0.8692626953125,1080,1602470874010
-0.266845703125,-0.4317626953125,0.861083984375,1081,1602470874025
-0.1968994140625,-0.4227294921875,0.8529052734375,1081,1602470874032
-0.120361328125,-0.407958984375,0.857666015625,1081,1602470874040
-0.1038818359375,-0.3905029296875,0.8553466796875,1082,1602470874054
-0.1160888671875,-0.3743896484375,0.8648681640625,1082,1602470874062
-0.14208984375,-0.3626708984375,0.9034423828125,1082,1602470874069
-0.205810546875,-0.3526611328125,0.951416015625,1083,1602470874084
-0.3011474609375,-0.347900390625,0.97119140625,1083,1602470874092
-0.4122314453125,-0.35986328125,0.94287109375,1083,1602470874099
-0.4307861328125,-0.37158203125,0.9005126953125,1084,1602470874114
-0.2904052734375,-0.37353515625,0.9072265625,1084,1602470874122
-0.1378173828125,-0.3668212890625,0.9420166015625,1084,1602470874130
-0.1004638671875,-0.3345947265625,0.977783203125,1084,1602470874145
-0.1536865234375,-0.31103515625,0.97265625,1085,1602470874152
-0.2237548828125,-0.3154296875,0.9520263671875,1085,1602470874160
-0.25146484375,-0.33935546875,0.9600830078125,1085,1602470874175
-0.225341796875,-0.3480224609375,0.970703125,1086,1602470874182
-0.1884765625,-0.33837890625,0.9560546875,1086,1602470874190
-0.18310546875,-0.342041015625,0.9239501953125,1086,1602470874205
-0.234619140625,-0.37548828125,0.8724365234375,1086,1602470874212
-0.3170166015625,-0.4034423828125,0.8148193359375,1087,1602470874220
-0.35400390625,-0.40869140625,0.7869873046875,1087,1602470874235
-0.2838134765625,-0.3936767578125,0.814208984375,1087,1602470874242
-0.2550048828125,-0.3511962890625,0.8546142578125,1088,1602470874249
-0.349853515625,-0.2958984375,0.8492431640625,1088,1602470874265
-0.4949951171875,-0.2791748046875,0.8253173828125,1088,1602470874272
-0.5743408203125,-0.31103515625,0.7958984375,1089,1602470874280
-0.5615234375,-0.36279296875,0.7620849609375,1089,1602470874295
-0.5478515625,-0.388916015625,0.6844482421875,1089,1602470874302
-0.608154296875,-0.3812255859375,0.59521484375,1089,1602470874309
-0.705810546875,-0.3831787109375,0.52978515625,1090,1602470874325
-0.774169921875,-0.41455078125,0.4315185546875,1090,1602470874332
-0.8421630859375,-0.4481201171875,0.3260498046875,1090,1602470874340
-0.8822021484375,-0.4521484375,0.2886962890625,1091,1602470874355
-0.845458984375,-0.3995361328125,0.4395751953125,1091,1602470874362
-0.7847900390625,-0.334228515625,0.5863037109375,1091,1602470874370
-0.8343505859375,-0.277587890625,0.5693359375,1092,1602470874385
-0.8929443359375,-0.253662109375,0.443603515625,1092,1602470874392
-0.8389892578125,-0.3133544921875,0.2586669921875,1092,1602470874400
-0.747802734375,-0.3648681640625,0.14892578125,1093,1602470874415
-0.7354736328125,-0.367431640625,0.095703125,1093,1602470874422
-0.859130859375,-0.37353515625,0.0499267578125,1093,1602470874430
-1.0374755859375,-0.3778076171875,0.0450439453125,1093,1602470874437
-1.1514892578125,-0.3828125,0.0692138671875,1094,1602470874452
-1.12890625,-0.385498046875,0.0914306640625,1094,1602470874460
-0.9520263671875,-0.3673095703125,0.041259765625,1094,1602470874467
-0.8558349609375,-0.340087890625,0.009765625,1095,1602470874482
-0.910888671875,-0.310791015625,0.0718994140625,1095,1602470874490
-1.0196533203125,-0.2860107421875,0.1219482421875,1095,1602470874497
-1.1773681640625,-0.2862548828125,0.13720703125,1095,1602470874512
-1.2275390625,-0.3203125,0.100341796875,1096,1602470874519
-1.1666259765625,-0.3671875,0.07177734375,1096,1602470874527
-1.0548095703125,-0.370361328125,0.03173828125,1096,1602470874542
-0.929443359375,-0.3394775390625,-0.0194091796875,1097,1602470874550
-0.8551025390625,-0.3388671875,-0.130615234375,1097,1602470874557
-0.905517578125,-0.3404541015625,-0.222412109375,1097,1602470874572
-0.987060546875,-0.3570556640625,-0.2744140625,1097,1602470874579
-1.049072265625,-0.3785400390625,-0.216064453125,1098,1602470874587
-1.1104736328125,-0.38818359375,-0.070556640625,1098,1602470874602
-1.0972900390625,-0.3768310546875,-0.001708984375,1098,1602470874610
-0.9912109375,-0.341796875,0.0323486328125,1099,1602470874617
-0.92626953125,-0.347412109375,0.0816650390625,1099,1602470874632
-0.957763671875,-0.39306640625,0.0325927734375,1099,1602470874640
-0.9632568359375,-0.4051513671875,-0.025634765625,1100,1602470874647
-0.87255859375,-0.3839111328125,-0.0806884765625,1100,1602470874662
-0.8084716796875,-0.374755859375,-0.1143798828125,1100,1602470874670
-0.8414306640625,-0.3896484375,-0.0933837890625,1100,1602470874677
-0.9000244140625,-0.4212646484375,-0.0709228515625,1101,1602470874692
-0.9371337890625,-0.44189453125,-0.0079345703125,1101,1602470874700
-0.941650390625,-0.4287109375,0.0316162109375,1101,1602470874707
-0.9918212890625,-0.3890380859375,0.032958984375,1102,1602470874722
-1.0029296875,-0.352294921875,0.0130615234375,1102,1602470874730
-0.924560546875,-0.35302734375,0.002685546875,1102,1602470874737
-0.864013671875,-0.359619140625,0.0164794921875,1103,1602470874752
-0.8619384765625,-0.3533935546875,0.028076171875,1103,1602470874760
-0.89501953125,-0.3394775390625,0.037353515625,1103,1602470874767
-0.93310546875,-0.332763671875,0.04638671875,1104,1602470874782
-0.9683837890625,-0.3438720703125,0.052001953125,1104,1602470874790
-0.9852294921875,-0.3538818359375,0.04150390625,1104,1602470874797
-0.9703369140625,-0.3568115234375,0.0440673828125,1104,1602470874812
-0.917236328125,-0.3411865234375,0.078857421875,1105,1602470874820
-0.9017333984375,-0.3238525390625,0.109130859375,1105,1602470874827
-0.9658203125,-0.331787109375,0.1187744140625,1105,1602470874842
-0.97607421875,-0.357421875,0.10400390625,1106,1602470874850
-0.924560546875,-0.3760986328125,0.102783203125,1106,1602470874857
-0.8931884765625,-0.3751220703125,0.120849609375,1106,1602470874872
-0.89697265625,-0.364990234375,0.1475830078125,1106,1602470874879
-0.9356689453125,-0.3575439453125,0.1732177734375,1107,1602470874887
-0.989013671875,-0.356201171875,0.187744140625,1107,1602470874902
-1.00830078125,-0.3525390625,0.1793212890625,1107,1602470874910
-1.000244140625,-0.34619140625,0.1624755859375,1108,1602470874917
-0.974609375,-0.3463134765625,0.1202392578125,1108,1602470874932
-0.934326171875,-0.35009765625,0.0975341796875,1108,1602470874940
-0.8792724609375,-0.3577880859375,0.0989990234375,1108,1602470874947
-0.825927734375,-0.3651123046875,0.109375,1109,1602470874962
-0.8140869140625,-0.361572265625,0.126953125,1109,1602470874970
-0.843994140625,-0.35400390625,0.153076171875,1109,1602470874977
-0.8951416015625,-0.35302734375,0.17626953125,1110,1602470874992
-0.95166015625,-0.3458251953125,0.1815185546875,1110,1602470875000
-0.9991455078125,-0.350830078125,0.1717529296875,1110,1602470875007
-1.0335693359375,-0.3626708984375,0.1348876953125,1111,1602470875022
-1.0631103515625,-0.350341796875,0.0977783203125,1111,1602470875030
-1.075927734375,-0.3282470703125,0.064697265625,1111,1602470875037
-1.0150146484375,-0.33447265625,0.11669921875,1112,1602470875052
-0.9180908203125,-0.3262939453125,0.20751953125,1112,1602470875060
-0.888427734375,-0.315185546875,0.2435302734375,1112,1602470875067
-0.92333984375,-0.3182373046875,0.283935546875,1113,1602470875082
-0.9202880859375,-0.3494873046875,0.292724609375,1113,1602470875090
-0.8768310546875,-0.3560791015625,0.2796630859375,1113,1602470875097
-0.8701171875,-0.357177734375,0.2503662109375,1113,1602470875112
-0.91455078125,-0.37060546875,0.219970703125,1114,1602470875120
-0.9539794921875,-0.376708984375,0.2169189453125,1114,1602470875127
-0.9757080078125,-0.3787841796875,0.22705078125,1114,1602470875142
-0.9705810546875,-0.3734130859375,0.239990234375,1114,1602470875150
-0.911865234375,-0.3721923828125,0.3009033203125,1115,1602470875157
-0.7977294921875,-0.3858642578125,0.3292236328125,1115,1602470875172
-0.7333984375,-0.3907470703125,0.300048828125,1115,1602470875180
-0.7686767578125,-0.3701171875,0.2506103515625,1116,1602470875187
-0.8538818359375,-0.3369140625,0.2178955078125,1116,1602470875202
-0.9832763671875,-0.260498046875,0.40673828125,1116,1602470875210
-0.933349609375,-0.2457275390625,0.5916748046875,1117,1602470875217
-0.877685546875,-0.2979736328125,0.587158203125,1117,1602470875232
-0.8863525390625,-0.3392333984375,0.517578125,1117,1602470875240
-0.78369140625,-0.40966796875,0.3896484375,1117,1602470875247
-0.7955322265625,-0.409423828125,0.2459716796875,1118,1602470875262
-0.7613525390625,-0.355224609375,0.3153076171875,1118,1602470875270
-0.5853271484375,-0.412109375,0.2357177734375,1118,1602470875277
-0.85302734375,-0.3468017578125,0.210205078125,1119,1602470875292
-0.944091796875,-0.296630859375,0.2896728515625,1119,1602470875300
-0.9068603515625,-0.4281005859375,0.28857421875,1119,1602470875307
-0.970458984375,-0.4346923828125,0.302001953125,1120,1602470875322
-0.92919921875,-0.3851318359375,0.276611328125,1120,1602470875330
-0.8701171875,-0.3934326171875,0.2855224609375,1120,1602470875337
-0.886474609375,-0.38232421875,0.290283203125,1121,1602470875360
-0.908447265625,-0.3424072265625,0.2630615234375,1121,1602470875367
-0.9117431640625,-0.330810546875,0.2435302734375,1121,1602470875375
-0.9449462890625,-0.3629150390625,0.222900390625,1122,1602470875382
-0.843994140625,-0.4127197265625,0.227294921875,1122,1602470875390
-1.004638671875,-0.329345703125,0.1910400390625,1122,1602470875397
-0.9595947265625,-0.317626953125,0.2205810546875,1122,1602470875412
-0.8792724609375,-0.37744140625,0.2386474609375,1123,1602470875420
-1.0230712890625,-0.322021484375,0.2701416015625,1123,1602470875427
-0.794677734375,-0.368896484375,0.3087158203125,1123,1602470875442
-0.808349609375,-0.5,0.2210693359375,1123,1602470875450
-1.08984375,-0.37841796875,0.2188720703125,1124,1602470875457
-0.8955078125,-0.3316650390625,0.3187255859375,1124,1602470875472
-0.84228515625,-0.42236328125,0.304443359375,1124,1602470875480
-0.919189453125,-0.401123046875,0.338623046875,1125,1602470875487
-0.8502197265625,-0.381103515625,0.361572265625,1125,1602470875502
-0.8724365234375,-0.3759765625,0.3355712890625,1125,1602470875510
-0.9708251953125,-0.3238525390625,0.318359375,1125,1602470875517
-0.927978515625,-0.2890625,0.3187255859375,1126,1602470875532
-0.810302734375,-0.300537109375,0.298095703125,1126,1602470875540
-0.8331298828125,-0.2994384765625,0.2557373046875,1126,1602470875547
-0.855224609375,-0.291259765625,0.2508544921875,1127,1602470875555
-0.867431640625,-0.2921142578125,0.2906494140625,1127,1602470875570
-0.9005126953125,-0.3240966796875,0.2987060546875,1127,1602470875577
-0.8939208984375,-0.374267578125,0.2703857421875,1128,1602470875585
-0.8814697265625,-0.409912109375,0.2200927734375,1128,1602470875600
-0.9208984375,-0.4306640625,0.11328125,1128,1602470875607
-0.9395751953125,-0.4107666015625,0.1536865234375,1128,1602470875615
-0.91162109375,-0.398681640625,0.1754150390625,1129,1602470875630
-0.9434814453125,-0.3857421875,0.1885986328125,1129,1602470875637
-0.958251953125,-0.3636474609375,0.2431640625,1129,1602470875645
-0.916015625,-0.35205078125,0.2982177734375,1130,1602470875660
-0.928466796875,-0.35791015625,0.28466796875,1130,1602470875667
-0.9910888671875,-0.36181640625,0.257568359375,1130,1602470875675
-1.02099609375,-0.361083984375,0.2293701171875,1131,1602470875690
-1.011474609375,-0.3740234375,0.1968994140625,1131,1602470875697
-0.99365234375,-0.38623046875,0.1688232421875,1131,1602470875705
-0.97021484375,-0.3773193359375,0.1392822265625,1132,1602470875720
-0.942626953125,-0.359619140625,0.1346435546875,1132,1602470875727
-0.91845703125,-0.35595703125,0.13818359375,1132,1602470875735
-0.8887939453125,-0.3624267578125,0.1650390625,1133,1602470875750
-0.9100341796875,-0.3372802734375,0.249267578125,1133,1602470875757
-1.0181884765625,-0.2957763671875,0.3662109375,1133,1602470875765
-1.158935546875,-0.30126953125,0.4344482421875,1133,1602470875780
-1.221435546875,-0.33984375,0.46240234375,1134,1602470875787
-1.08642578125,-0.377197265625,0.4818115234375,1134,1602470875795
-0.8770751953125,-0.390625,0.485595703125,1134,1602470875810
-0.8223876953125,-0.3538818359375,0.540283203125,1134,1602470875817
-0.981689453125,-0.281005859375,0.651123046875,1135,1602470875825
-1.2008056640625,-0.23876953125,0.619873046875,1135,1602470875840
-1.1944580078125,-0.2122802734375,0.514892578125,1135,1602470875847
-1.010009765625,-0.20703125,0.4046630859375,1136,1602470875855
-0.9285888671875,-0.28173828125,0.41259765625,1136,1602470875870
-0.849853515625,-0.37353515625,0.5018310546875,1136,1602470875877
-0.82080078125,-0.41796875,0.5384521484375,1136,1602470875885
-0.81103515625,-0.399169921875,0.59814453125,1137,1602470875900
-0.7552490234375,-0.3782958984375,0.6134033203125,1137,1602470875915
-0.6683349609375,-0.387939453125,0.58447265625,1138,1602470875922
-0.5693359375,-0.423095703125,0.52978515625,1138,1602470875930
-0.422119140625,-0.4989013671875,0.4903564453125,1138,1602470875937
-0.291748046875,-0.5035400390625,0.5526123046875,1138,1602470875945
-0.334716796875,-0.4495849609375,0.6763916015625,1139,1602470875960
-0.4342041015625,-0.4046630859375,0.814453125,1139,1602470875967
-0.63720703125,-0.3409423828125,0.7620849609375,1139,1602470875975
-0.7650146484375,-0.255615234375,0.6737060546875,1140,1602470875990
-0.58740234375,-0.2899169921875,0.5628662109375,1140,1602470875997
-0.3343505859375,-0.4254150390625,0.4237060546875,1140,1602470876005
-0.328125,-0.5233154296875,0.4957275390625,1141,1602470876020
-0.43310546875,-0.57666015625,0.372314453125,1141,1602470876027
-0.545166015625,-0.6712646484375,0.158203125,1141,1602470876035
-0.6356201171875,-0.7337646484375,0.0572509765625,1141,1602470876050
-0.5655517578125,-0.6849365234375,0.0911865234375,1142,1602470876057
-0.3935546875,-0.557861328125,0.1981201171875,1142,1602470876065
-0.4290771484375,-0.482666015625,0.220703125,1142,1602470876080
-0.7774658203125,-0.478515625,0.38232421875,1143,1602470876087
-1.0626220703125,-0.5068359375,0.616943359375,1143,1602470876095
-0.8271484375,-0.56494140625,0.6556396484375,1143,1602470876110
-0.4791259765625,-0.5562744140625,0.654541015625,1143,1602470876117
-0.42529296875,-0.49853515625,0.6087646484375,1144,1602470876125
-0.4627685546875,-0.4564208984375,0.5325927734375,1144,1602470876140
-0.6829833984375,-0.4976806640625,0.58154296875,1144,1602470876147
-0.8734130859375,-0.615478515625,0.6131591796875,1145,1602470876155
-0.802490234375,-0.6507568359375,0.6541748046875,1145,1602470876170
-0.6317138671875,-0.5128173828125,0.6964111328125,1145,1602470876177
-0.57470703125,-0.3804931640625,0.5919189453125,1145,1602470876185
-0.6990966796875,-0.30029296875,0.5001220703125,1146,1602470876200
-0.82763671875,-0.2332763671875,0.418212890625,1146,1602470876207
-0.8631591796875,-0.2884521484375,0.38623046875,1146,1602470876215
-0.8856201171875,-0.3670654296875,0.451416015625,1147,1602470876230
-0.8038330078125,-0.3909912109375,0.51904296875,1147,1602470876237
-0.8355712890625,-0.338623046875,0.538330078125,1147,1602470876245
-0.8438720703125,-0.29541015625,0.4801025390625,1148,1602470876260
-0.9359130859375,-0.2984619140625,0.3359375,1148,1602470876267
-0.9998779296875,-0.3248291015625,0.1802978515625,1148,1602470876275
-0.733154296875,-0.3638916015625,0.114990234375,1149,1602470876290
-0.7049560546875,-0.352783203125,0.068359375,1149,1602470876297
-0.859375,-0.3843994140625,-0.1181640625,1149,1602470876305
-0.9112548828125,-0.480224609375,-0.1436767578125,1150,1602470876320
-0.9893798828125,-0.513671875,-0.115478515625,1150,1602470876327
-1.1925048828125,-0.4539794921875,-0.0599365234375,1150,1602470876335
-1.220703125,-0.43798828125,0.0087890625,1150,1602470876350
-1.0245361328125,-0.4271240234375,0.0751953125,1151,1602470876357
-0.791015625,-0.3203125,0.0296630859375,1151,1602470876365
-0.8702392578125,-0.1361083984375,-0.0616455078125,1151,1602470876380
-1.0572509765625,-0.1199951171875,-0.1187744140625,1152,1602470876387
-1.1256103515625,-0.2542724609375,-0.086669921875,1152,1602470876395
-1.2376708984375,-0.2950439453125,-0.00244140625,1152,1602470876410
-1.1796875,-0.30810546875,0.0543212890625,1152,1602470876417
-0.99658203125,-0.3211669921875,-0.03466796875,1153,1602470876425
-0.8330078125,-0.319580078125,-0.11767578125,1153,1602470876440
-0.7794189453125,-0.2398681640625,-0.1533203125,1153,1602470876447
-0.85205078125,-0.2628173828125,-0.285888671875,1154,1602470876455
-0.9854736328125,-0.3843994140625,-0.376708984375,1154,1602470876470
-1.0555419921875,-0.4566650390625,-0.41796875,1154,1602470876477
-1.0660400390625,-0.514404296875,-0.3804931640625,1154,1602470876485
-1.130615234375,-0.5157470703125,-0.2353515625,1155,1602470876500
-1.1087646484375,-0.4454345703125,-0.19580078125,1155,1602470876507
-1.009521484375,-0.3946533203125,-0.240478515625,1155,1602470876515
-0.90087890625,-0.3787841796875,-0.31201171875,1156,1602470876530
-0.854248046875,-0.33251953125,-0.299072265625,1156,1602470876537
-0.829345703125,-0.295654296875,-0.22021484375,1156,1602470876545
-0.8077392578125,-0.3336181640625,-0.15380859375,1157,1602470876560
-0.82373046875,-0.4024658203125,-0.1619873046875,1157,1602470876567
-0.8359375,-0.42822265625,-0.0958251953125,1157,1602470876575
-0.935546875,-0.392578125,-0.084228515625,1158,1602470876590
-1.1336669921875,-0.3583984375,-0.141845703125,1158,1602470876597
-1.254638671875,-0.338134765625,-0.2088623046875,1158,1602470876605
-1.18115234375,-0.3140869140625,-0.1431884765625,1158,1602470876620
-1.012451171875,-0.281494140625,-0.0545654296875,1159,1602470876627
-0.938232421875,-0.273193359375,-0.031494140625,1159,1602470876635
-0.882080078125,-0.2740478515625,-0.0198974609375,1159,1602470876650
-0.851318359375,-0.294189453125,0.0028076171875,1160,1602470876657
-0.884765625,-0.3272705078125,0.009521484375,1160,1602470876665
-0.9549560546875,-0.335693359375,-0.017333984375,1160,1602470876672
-0.9930419921875,-0.3543701171875,-0.043701171875,1161,1602470876687
-0.995849609375,-0.383544921875,-0.096435546875,1161,1602470876695
-0.9981689453125,-0.3804931640625,-0.120361328125,1161,1602470876702
-0.9852294921875,-0.3642578125,-0.119873046875,1161,1602470876717
-0.9400634765625,-0.34814453125,-0.119384765625,1162,1602470876725
-0.8270263671875,-0.3341064453125,-0.09619140625,1162,1602470876732
-0.78125,-0.3212890625,-0.0556640625,1162,1602470876747
-0.8297119140625,-0.315185546875,-0.0535888671875,1163,1602470876755
-0.89501953125,-0.3328857421875,-0.02392578125,1163,1602470876762
-0.904296875,-0.3778076171875,0.01904296875,1163,1602470876777
-0.973388671875,-0.3846435546875,0.053955078125,1163,1602470876785
-0.9759521484375,-0.361328125,0.1033935546875,1164,1602470876792
-0.868896484375,-0.341552734375,0.1483154296875,1164,1602470876807
-0.843017578125,-0.3355712890625,0.1158447265625,1164,1602470876815
-0.8560791015625,-0.353515625,0.0537109375,1165,1602470876822
-0.7572021484375,-0.38525390625,-0.0264892578125,1165,1602470876837
-0.937744140625,-0.372802734375,-0.1038818359375,1165,1602470876845
-1.052490234375,-0.388916015625,-0.1456298828125,1165,1602470876852
-1.0880126953125,-0.4539794921875,-0.10986328125,1166,1602470876867
-1.0225830078125,-0.4482421875,0.0526123046875,1166,1602470876875
-0.7645263671875,-0.3988037109375,0.1483154296875,1166,1602470876882
-0.7222900390625,-0.3101806640625,0.1783447265625,1167,1602470876897
-0.8795166015625,-0.2781982421875,0.08154296875,1167,1602470876905
-1.0364990234375,-0.324951171875,-0.0572509765625,1167,1602470876912
-1.0386962890625,-0.4234619140625,-0.08984375,1168,1602470876927
-1.12890625,-0.4031982421875,-0.0948486328125,1168,1602470876935
-1.060546875,-0.335205078125,-0.177001953125,1168,1602470876942
-0.8094482421875,-0.3956298828125,-0.1553955078125,1169,1602470876957
-0.7945556640625,-0.3441162109375,-0.12158203125,1169,1602470876965
-0.8482666015625,-0.23779296875,-0.07666015625,1169,1602470876972
-0.7276611328125,-0.2933349609375,-0.0667724609375,1169,1602470876987
-0.7064208984375,-0.342529296875,-0.047119140625,1170,1602470876995
-0.8870849609375,-0.38623046875,-0.0806884765625,1170,1602470877002
-1.0592041015625,-0.442138671875,-0.073486328125,1170,1602470877017
-1.06298828125,-0.4232177734375,-0.1126708984375,1171,1602470877025
-1.0347900390625,-0.3265380859375,-0.1685791015625,1171,1602470877032
-0.900634765625,-0.316650390625,-0.177490234375,1171,1602470877047
-0.765625,-0.4158935546875,-0.120361328125,1171,1602470877055
-0.7249755859375,-0.524169921875,-0.0887451171875,1172,1602470877062
-0.92724609375,-0.4688720703125,-0.1529541015625,1172,1602470877077
-1.0205078125,-0.372802734375,-0.23583984375,1172,1602470877085
-1.0323486328125,-0.41015625,-0.30224609375,1173,1602470877092
-1.07958984375,-0.4466552734375,-0.3172607421875,1173,1602470877107
-1.01416015625,-0.419921875,-0.3455810546875,1173,1602470877115
-0.9779052734375,-0.4049072265625,-0.4010009765625,1174,1602470877122
-0.8681640625,-0.426025390625,-0.410400390625,1174,1602470877137
-0.71728515625,-0.40966796875,-0.4044189453125,1174,1602470877145
-0.6826171875,-0.3548583984375,-0.4078369140625,1174,1602470877152
-0.761962890625,-0.3316650390625,-0.3787841796875,1175,1602470877167
-0.8516845703125,-0.349365234375,-0.3603515625,1175,1602470877175
-0.9908447265625,-0.4097900390625,-0.28515625,1175,1602470877182
-1.1546630859375,-0.43701171875,-0.1671142578125,1176,1602470877197
-1.20556640625,-0.4173583984375,-0.189697265625,1176,1602470877205
-1.0826416015625,-0.3857421875,-0.232177734375,1176,1602470877212
-0.911376953125,-0.3167724609375,-0.144775390625,1177,1602470877227
-0.8006591796875,-0.2706298828125,-0.0955810546875,1177,1602470877235
-0.8580322265625,-0.2626953125,-0.1478271484375,1177,1602470877242
-0.946533203125,-0.323486328125,-0.2197265625,1177,1602470877257
-0.9368896484375,-0.3779296875,-0.2191162109375,1178,1602470877265
-0.8221435546875,-0.3563232421875,-0.2138671875,1178,1602470877272
-0.7965087890625,-0.3253173828125,-0.21728515625,1178,1602470877287
-0.89697265625,-0.3599853515625,-0.2235107421875,1179,1602470877295
-1.0279541015625,-0.4093017578125,-0.195556640625,1179,1602470877302
-1.0164794921875,-0.4259033203125,-0.181884765625,1179,1602470877317
-0.974609375,-0.417724609375,-0.2059326171875,1180,1602470877325
-0.9122314453125,-0.418701171875,-0.2645263671875,1180,1602470877332
-0.91650390625,-0.4576416015625,-0.45068359375,1180,1602470877347
-0.9423828125,-0.5074462890625,-0.3997802734375,1180,1602470877355
-0.8052978515625,-0.4356689453125,-0.2381591796875,1181,1602470877362
-0.6875,-0.3314208984375,-0.240234375,1181,1602470877377
-0.71875,-0.362060546875,-0.2735595703125,1181,1602470877385
-0.7489013671875,-0.4476318359375,-0.3253173828125,1182,1602470877392
-0.8997802734375,-0.500244140625,-0.4429931640625,1182,1602470877407
-1.091552734375,-0.54541015625,-0.5716552734375,1182,1602470877415
-1.0784912109375,-0.5684814453125,-0.5411376953125,1182,1602470877422
-0.9693603515625,-0.5382080078125,-0.473388671875,1183,1602470877437
-1.046875,-0.525634765625,-0.4661865234375,1183,1602470877445
-1.0994873046875,-0.5423583984375,-0.4681396484375,1183,1602470877452
-0.89697265625,-0.5264892578125,-0.411865234375,1184,1602470877467
-0.64599609375,-0.4725341796875,-0.28515625,1184,1602470877475
-0.468994140625,-0.375,-0.032958984375,1184,1602470877482
-0.43603515625,-0.2496337890625,0.204833984375,1185,1602470877497
-0.6019287109375,-0.167236328125,0.0733642578125,1185,1602470877505
-0.82568359375,-0.2176513671875,-0.0198974609375,1185,1602470877512
-0.8985595703125,-0.3731689453125,-0.1197509765625,1186,1602470877527
-0.9644775390625,-0.4908447265625,-0.1937255859375,1186,1602470877535
-0.8408203125,-0.4417724609375,-0.2012939453125,1186,1602470877542
-0.76611328125,-0.3607177734375,-0.2469482421875,1186,1602470877557
-0.79736328125,-0.3140869140625,-0.28076171875,1187,1602470877565
-0.777587890625,-0.3175048828125,-0.249267578125,1187,1602470877572
-0.779052734375,-0.3365478515625,-0.1904296875,1187,1602470877587
-0.8543701171875,-0.3175048828125,-0.204833984375,1188,1602470877595
-1.0220947265625,-0.33984375,-0.2952880859375,1188,1602470877602
-1.1646728515625,-0.372802734375,-0.368408203125,1188,1602470877617
-1.0985107421875,-0.385986328125,-0.3548583984375,1188,1602470877625
-0.900634765625,-0.358154296875,-0.3262939453125,1189,1602470877632
-0.7730712890625,-0.31396484375,-0.3375244140625,1189,1602470877647
-0.751953125,-0.2982177734375,-0.37744140625,1189,1602470877655
-0.7313232421875,-0.3170166015625,-0.40771484375,1190,1602470877662
-0.72802734375,-0.3388671875,-0.422607421875,1190,1602470877677
-0.7979736328125,-0.3538818359375,-0.4503173828125,1190,1602470877685
-0.915771484375,-0.3885498046875,-0.4820556640625,1191,1602470877692
-0.99072265625,-0.4312744140625,-0.5308837890625,1191,1602470877707
-0.962646484375,-0.4615478515625,-0.546142578125,1191,1602470877715
-0.8267822265625,-0.4615478515625,-0.522705078125,1191,1602470877722
-0.620849609375,-0.4349365234375,-0.4853515625,1192,1602470877737
-0.4464111328125,-0.4012451171875,-0.485595703125,1192,1602470877745
-0.4189453125,-0.3834228515625,-0.5068359375,1192,1602470877752
-0.5692138671875,-0.399658203125,-0.5467529296875,1193,1602470877767
-0.745849609375,-0.4649658203125,-0.6085205078125,1193,1602470877775
-0.7850341796875,-0.5115966796875,-0.6512451171875,1193,1602470877782
-0.722900390625,-0.5152587890625,-0.690673828125,1193,1602470877790
-0.661376953125,-0.481201171875,-0.6441650390625,1194,1602470877805
-0.606689453125,-0.444091796875,-0.5926513671875,1194,1602470877812
-0.61474609375,-0.4327392578125,-0.587890625,1194,1602470877820
-0.668212890625,-0.4437255859375,-0.638671875,1195,1602470877835
-0.6932373046875,-0.4635009765625,-0.7308349609375,1195,1602470877842
-0.6800537109375,-0.47265625,-0.8035888671875,1195,1602470877850
-0.7147216796875,-0.4613037109375,-0.7841796875,1196,1602470877865
-0.7786865234375,-0.4677734375,-0.6910400390625,1196,1602470877872
-0.7723388671875,-0.4754638671875,-0.611328125,1196,1602470877880
-0.6612548828125,-0.468017578125,-0.566650390625,1197,1602470877895
-0.5557861328125,-0.4383544921875,-0.581298828125,1197,1602470877902
-0.533203125,-0.3988037109375,-0.634765625,1197,1602470877910
-0.5439453125,-0.39306640625,-0.680419921875,1197,1602470877925
-0.581298828125,-0.4285888671875,-0.710205078125,1198,1602470877932
-0.615478515625,-0.478515625,-0.747802734375,1198,1602470877940
-0.6190185546875,-0.4920654296875,-0.7633056640625,1198,1602470877955
-0.581787109375,-0.477783203125,-0.724609375,1199,1602470877962
-0.5804443359375,-0.4595947265625,-0.7158203125,1199,1602470877970
-0.5543212890625,-0.4639892578125,-0.654052734375,1199,1602470877985
-0.54541015625,-0.442626953125,-0.6124267578125,1199,1602470877992
-0.52490234375,-0.4288330078125,-0.641357421875,1200,1602470878000
-0.5140380859375,-0.43115234375,-0.696533203125,1200,1602470878015
-0.508056640625,-0.4208984375,-0.74853515625,1200,1602470878022
-0.55810546875,-0.4110107421875,-0.747802734375,1201,1602470878030
-0.6226806640625,-0.429443359375,-0.7376708984375,1201,1602470878045
-0.640625,-0.4464111328125,-0.6993408203125,1201,1602470878052
-0.6173095703125,-0.4422607421875,-0.6590576171875,1202,1602470878060
-0.5645751953125,-0.4288330078125,-0.6517333984375,1202,1602470878075
-0.494140625,-0.4134521484375,-0.6689453125,1202,1602470878082
-0.4447021484375,-0.391845703125,-0.6593017578125,1202,1602470878090
-0.492431640625,-0.3857421875,-0.6517333984375,1203,1602470878105
-0.5552978515625,-0.413330078125,-0.654541015625,1203,1602470878112
-0.56494140625,-0.4454345703125,-0.7178955078125,1203,1602470878120
-0.546875,-0.46240234375,-0.8228759765625,1204,1602470878135
-0.5706787109375,-0.445068359375,-0.827392578125,1204,1602470878142
-0.5789794921875,-0.449462890625,-0.7877197265625,1204,1602470878150
-0.5662841796875,-0.4639892578125,-0.754638671875,1205,1602470878165
-0.5445556640625,-0.454345703125,-0.727783203125,1205,1602470878172
-0.52197265625,-0.4207763671875,-0.7232666015625,1205,1602470878180
-0.53466796875,-0.39892578125,-0.7135009765625,1206,1602470878195
-0.5452880859375,-0.38916015625,-0.7080078125,1206,1602470878202
-0.589111328125,-0.3927001953125,-0.7418212890625,1206,1602470878210
-0.6097412109375,-0.4146728515625,-0.769775390625,1206,1602470878225
-0.5936279296875,-0.427490234375,-0.7779541015625,1207,1602470878232
-0.54833984375,-0.4368896484375,-0.76318359375,1207,1602470878240
-0.4813232421875,-0.421142578125,-0.755859375,1207,1602470878255
-0.5408935546875,-0.385986328125,-0.7177734375,1208,1602470878262
-0.6617431640625,-0.4075927734375,-0.7110595703125,1208,1602470878270
-0.625,-0.4261474609375,-0.6842041015625,1208,1602470878285
-0.572998046875,-0.3895263671875,-0.69091796875,1208,1602470878292
-0.544677734375,-0.390380859375,-0.78125,1209,1602470878307
-0.4755859375,-0.391845703125,-0.7655029296875,1209,1602470878315
-0.42138671875,-0.3980712890625,-0.7481689453125,1210,1602470878330
-0.4381103515625,-0.4149169921875,-0.7620849609375,1210,1602470878337
-0.4993896484375,-0.46826171875,-0.820556640625,1210,1602470878345
-0.6395263671875,-0.443115234375,-0.82958984375,1210,1602470878352
-0.5936279296875,-0.4765625,-0.7725830078125,1210,1602470878360
-0.4063720703125,-0.4149169921875,-0.7315673828125,1211,1602470878375
-0.411376953125,-0.369140625,-0.75390625,1211,1602470878382
-0.3895263671875,-0.4215087890625,-0.73388671875,1211,1602470878390
-0.4354248046875,-0.4197998046875,-0.728515625,1212,1602470878405
-0.5147705078125,-0.4066162109375,-0.8040771484375,1212,1602470878412
-0.543701171875,-0.4005126953125,-0.83935546875,1212,1602470878420
-0.5211181640625,-0.4691162109375,-0.847412109375,1213,1602470878435
-0.4658203125,-0.451171875,-0.8018798828125,1213,1602470878442
-0.475830078125,-0.4234619140625,-0.7991943359375,1213,1602470878450
-0.5177001953125,-0.437744140625,-0.7808837890625,1214,1602470878472
-0.4605712890625,-0.4512939453125,-0.77197265625,1214,1602470878480
-0.40380859375,-0.4178466796875,-0.7576904296875,1214,1602470878487
-0.4898681640625,-0.3690185546875,-0.806396484375,1215,1602470878495
-0.5577392578125,-0.3934326171875,-0.7845458984375,1215,1602470878502
-0.5462646484375,-0.4461669921875,-0.7840576171875,1215,1602470878510
-0.51318359375,-0.4423828125,-0.80908203125,1215,1602470878525
-0.4371337890625,-0.4111328125,-0.814208984375,1216,1602470878532
-0.4139404296875,-0.3765869140625,-0.779541015625,1216,1602470878540
-0.4364013671875,-0.3997802734375,-0.762939453125,1216,1602470878555
-0.5203857421875,-0.41455078125,-0.76708984375,1217,1602470878562
-0.552001953125,-0.4071044921875,-0.7474365234375,1217,1602470878570
-0.50927734375,-0.398681640625,-0.72509765625,1217,1602470878585
-0.5069580078125,-0.3802490234375,-0.728759765625,1217,1602470878592
-0.5025634765625,-0.38134765625,-0.7332763671875,1218,1602470878600
-0.5228271484375,-0.3778076171875,-0.7684326171875,1218,1602470878615
-0.5352783203125,-0.388916015625,-0.7991943359375,1219,1602470878630
-0.53759765625,-0.3970947265625,-0.806396484375,1219,1602470878637
-0.5316162109375,-0.4013671875,-0.7664794921875,1219,1602470878645
-0.4932861328125,-0.4168701171875,-0.7327880859375,1219,1602470878652
-0.5220947265625,-0.4051513671875,-0.7396240234375,1219,1602470878660
-0.5877685546875,-0.412841796875,-0.769287109375,1220,1602470878675
-0.572998046875,-0.416259765625,-0.7647705078125,1220,1602470878682
-0.5411376953125,-0.3841552734375,-0.7513427734375,1220,1602470878690
-0.5357666015625,-0.3804931640625,-0.73681640625,1221,1602470878705
-0.5526123046875,-0.394775390625,-0.751220703125,1221,1602470878713
-0.55615234375,-0.3935546875,-0.77734375,1221,1602470878720
-0.5302734375,-0.389404296875,-0.755126953125,1222,1602470878735
-0.524658203125,-0.3905029296875,-0.7301025390625,1222,1602470878742
-0.56689453125,-0.3931884765625,-0.7611083984375,1222,1602470878750
-0.565185546875,-0.38427734375,-0.764892578125,1223,1602470878765
-0.5362548828125,-0.3900146484375,-0.7890625,1223,1602470878772
-0.496826171875,-0.40283203125,-0.8031005859375,1223,1602470878780
-0.4881591796875,-0.4232177734375,-0.7777099609375,1224,1602470878795
-0.47119140625,-0.4320068359375,-0.7073974609375,1224,1602470878802
-0.4979248046875,-0.4287109375,-0.720947265625,1224,1602470878817
-0.476806640625,-0.457763671875,-0.7127685546875,1224,1602470878825
-0.437744140625,-0.4200439453125,-0.78564453125,1225,1602470878832
-0.4769287109375,-0.3729248046875,-0.7908935546875,1225,1602470878840
-0.6177978515625,-0.4000244140625,-0.7852783203125,1225,1602470878855
-0.6905517578125,-0.430419921875,-0.77197265625,1226,1602470878862
-0.6265869140625,-0.425537109375,-0.7265625,1226,1602470878870
-0.5301513671875,-0.4073486328125,-0.7037353515625,1226,1602470878885
-0.47265625,-0.37255859375,-0.6822509765625,1226,1602470878892
-0.4959716796875,-0.347900390625,-0.7059326171875,1227,1602470878900
-0.5767822265625,-0.353759765625,-0.75341796875,1227,1602470878907
-0.5689697265625,-0.3973388671875,-0.7689208984375,1227,1602470878922
-0.5394287109375,-0.435791015625,-0.77783203125,1227,1602470878930
-0.51123046875,-0.423095703125,-0.756591796875,1228,1602470878938
-0.5189208984375,-0.383544921875,-0.7359619140625,1228,1602470878952
-0.59228515625,-0.3951416015625,-0.72705078125,1228,1602470878960
-0.626708984375,-0.437744140625,-0.699951171875,1229,1602470878967
-0.574951171875,-0.4520263671875,-0.6851806640625,1229,1602470878982
-0.486572265625,-0.4212646484375,-0.680419921875,1229,1602470878990
-0.46826171875,-0.39453125,-0.7264404296875,1229,1602470878997
-0.4984130859375,-0.3956298828125,-0.7611083984375,1230,1602470879012
-0.5076904296875,-0.435546875,-0.7442626953125,1230,1602470879020
-0.48095703125,-0.45556640625,-0.70703125,1231,1602470879035
-0.495361328125,-0.4481201171875,-0.6932373046875,1231,1602470879042
-0.5859375,-0.4290771484375,-0.7108154296875,1231,1602470879050
-0.644287109375,-0.4385986328125,-0.6883544921875,1231,1602470879057
-0.679931640625,-0.45947265625,-0.681884765625,1232,1602470879072
-0.6114501953125,-0.43994140625,-0.6427001953125,1232,1602470879080
-0.523681640625,-0.3748779296875,-0.6165771484375,1232,1602470879087
-0.5330810546875,-0.3096923828125,-0.6644287109375,1233,1602470879102
-0.65478515625,-0.3216552734375,-0.7220458984375,1233,1602470879110
-0.687255859375,-0.385009765625,-0.7425537109375,1233,1602470879125
-0.6082763671875,-0.4046630859375,-0.7020263671875,1234,1602470879132
-0.530517578125,-0.3768310546875,-0.670166015625,1234,1602470879141
-0.5589599609375,-0.3525390625,-0.6859130859375,1234,1602470879147
-0.6484375,-0.369873046875,-0.7261962890625,1235,1602470879162
-0.671875,-0.377197265625,-0.749267578125,1235,1602470879170
-0.6336669921875,-0.3677978515625,-0.7484130859375,1235,1602470879177
-0.577392578125,-0.366455078125,-0.77978515625,1235,1602470879192
-0.66748046875,-0.34375,-0.8184814453125,1236,1602470879200
-0.710205078125,-0.337890625,-0.77880859375,1236,1602470879207
-0.6279296875,-0.3392333984375,-0.7933349609375,1236,1602470879222
-0.5216064453125,-0.34326171875,-0.758544921875,1237,1602470879230
-0.4764404296875,-0.369873046875,-0.673583984375,1237,1602470879237
-0.4974365234375,-0.376953125,-0.6571044921875,1237,1602470879252
-0.5904541015625,-0.3939208984375,-0.735595703125,1237,1602470879260
-0.666015625,-0.4168701171875,-0.7613525390625,1238,1602470879267
-0.672119140625,-0.4234619140625,-0.720947265625,1238,1602470879282
-0.629638671875,-0.426513671875,-0.6754150390625,1238,1602470879290
-0.593017578125,-0.399169921875,-0.63818359375,1238,1602470879297
-0.639892578125,-0.377197265625,-0.609375,1239,1602470879312
-0.6168212890625,-0.37744140625,-0.595703125,1239,1602470879320
-0.5865478515625,-0.361572265625,-0.6051025390625,1239,1602470879328
-0.587158203125,-0.3280029296875,-0.7147216796875,1240,1602470879342
-0.6488037109375,-0.273193359375,-0.894775390625,1240,1602470879350
-0.6495361328125,-0.348388671875,-0.8306884765625,1240,1602470879357
-0.6282958984375,-0.45458984375,-0.8135986328125,1241,1602470879372
-0.5775146484375,-0.468994140625,-0.7593994140625,1241,1602470879387
-0.523193359375,-0.4365234375,-0.67431640625,1241,1602470879395
-0.5235595703125,-0.41162109375,-0.6534423828125,1242,1602470879402
-0.5948486328125,-0.408203125,-0.65869140625,1242,1602470879410
-0.620361328125,-0.4310302734375,-0.648193359375,1242,1602470879417
-0.60546875,-0.41796875,-0.6571044921875,1243,1602470879432
-0.6494140625,-0.3671875,-0.6591796875,1243,1602470879440
-0.6988525390625,-0.359130859375,-0.681884765625,1243,1602470879447
-0.7371826171875,-0.4124755859375,-0.681884765625,1243,1602470879462
-0.667236328125,-0.39208984375,-0.6475830078125,1244,1602470879470
-0.6431884765625,-0.3525390625,-0.6109619140625,1244,1602470879477
-0.6669921875,-0.362060546875,-0.600830078125,1244,1602470879492
-0.6717529296875,-0.364013671875,-0.563720703125,1245,1602470879500
-0.6856689453125,-0.329345703125,-0.570556640625,1245,1602470879507
-0.62548828125,-0.3192138671875,-0.66943359375,1245,1602470879523
-0.6026611328125,-0.33154296875,-0.6971435546875,1245,1602470879530
-0.6446533203125,-0.373046875,-0.721923828125,1246,1602470879538
-0.713134765625,-0.3857421875,-0.7242431640625,1246,1602470879552
-0.7265625,-0.402587890625,-0.645263671875,1246,1602470879560
-0.69970703125,-0.3922119140625,-0.612548828125,1247,1602470879567
-0.69580078125,-0.3458251953125,-0.590087890625,1247,1602470879582
-0.6942138671875,-0.361328125,-0.589111328125,1247,1602470879590
-0.6611328125,-0.397216796875,-0.6038818359375,1247,1602470879597
-0.6490478515625,-0.4100341796875,-0.6131591796875,1248,1602470879612
-0.618896484375,-0.406982421875,-0.64111328125,1248,1602470879620
-0.59716796875,-0.3963623046875,-0.643310546875,1248,1602470879627
-0.5882568359375,-0.3917236328125,-0.6654052734375,1249,1602470879642
-0.639404296875,-0.378662109375,-0.722412109375,1249,1602470879650
-0.6708984375,-0.39404296875,-0.7177734375,1249,1602470879657
-0.656494140625,-0.396240234375,-0.6937255859375,1250,1602470879672
-0.65185546875,-0.40234375,-0.7039794921875,1250,1602470879680
-0.62646484375,-0.4056396484375,-0.703125,1250,1602470879687
-0.5931396484375,-0.3919677734375,-0.720947265625,1251,1602470879703
-0.5767822265625,-0.376953125,-0.718017578125,1251,1602470879710
-0.53662109375,-0.373046875,-0.699951171875,1251,1602470879717
-0.631103515625,-0.3687744140625,-0.693603515625,1251,1602470879733
-0.769775390625,-0.3983154296875,-0.6983642578125,1252,1602470879740
-0.8070068359375,-0.41357421875,-0.656494140625,1252,1602470879748
-0.7562255859375,-0.4315185546875,-0.6192626953125,1252,1602470879762
-0.682373046875,-0.418212890625,-0.55126953125,1253,1602470879770
-0.65966796875,-0.3963623046875,-0.4991455078125,1253,1602470879777
-0.6646728515625,-0.37451171875,-0.4827880859375,1253,1602470879792
-0.7216796875,-0.3380126953125,-0.5797119140625,1254,1602470879800
-0.757568359375,-0.3597412109375,-0.6201171875,1254,1602470879808
-0.636474609375,-0.374755859375,-0.5872802734375,1254,1602470879822
-0.58935546875,-0.32080078125,-0.561767578125,1254,1602470879830
-0.6943359375,-0.32666015625,-0.581787109375,1255,1602470879837
-0.801513671875,-0.3734130859375,-0.583251953125,1255,1602470879852
-0.7685546875,-0.3883056640625,-0.5435791015625,1255,1602470879860
-0.704345703125,-0.3724365234375,-0.5643310546875,1256,1602470879867
-0.6531982421875,-0.3720703125,-0.6453857421875,1256,1602470879882
-0.656982421875,-0.3907470703125,-0.691650390625,1256,1602470879890
-0.654052734375,-0.4202880859375,-0.689453125,1256,1602470879897
-0.6004638671875,-0.4296875,-0.6544189453125,1257,1602470879912
-0.6177978515625,-0.41650390625,-0.6495361328125,1257,1602470879920
-0.7041015625,-0.414794921875,-0.6695556640625,1257,1602470879928
-0.7493896484375,-0.4349365234375,-0.6331787109375,1258,1602470879943
-0.7320556640625,-0.4501953125,-0.6202392578125,1258,1602470879950
-0.699462890625,-0.434814453125,-0.6485595703125,1258,1602470879958
-0.681396484375,-0.4276123046875,-0.6783447265625,1259,1602470879972
-0.6531982421875,-0.4320068359375,-0.692138671875,1259,1602470879980
-0.6312255859375,-0.4298095703125,-0.6522216796875,1259,1602470879987
-0.6033935546875,-0.4246826171875,-0.60888671875,1259,1602470879995
-0.6387939453125,-0.3974609375,-0.60986328125,1260,1602470880010
-0.7020263671875,-0.3851318359375,-0.608642578125,1260,1602470880017
-0.7567138671875,-0.3914794921875,-0.6297607421875,1260,1602470880025
-0.765625,-0.3800048828125,-0.59326171875,1261,1602470880040
-0.7208251953125,-0.3619384765625,-0.6507568359375,1261,1602470880047
-0.59912109375,-0.345458984375,-0.6497802734375,1261,1602470880055
-0.56640625,-0.3580322265625,-0.6630859375,1262,1602470880070
-0.5364990234375,-0.40283203125,-0.646240234375,1262,1602470880077
-0.7183837890625,-0.368896484375,-0.5540771484375,1262,1602470880085
-0.8349609375,-0.43408203125,-0.5687255859375,1262,1602470880100
-0.7369384765625,-0.43017578125,-0.5823974609375,1263,1602470880107
-0.660888671875,-0.3603515625,-0.576416015625,1263,1602470880115
-0.6346435546875,-0.3748779296875,-0.5859375,1263,1602470880130
-0.68359375,-0.414306640625,-0.6058349609375,1264,1602470880137
-0.6688232421875,-0.43603515625,-0.586181640625,1264,1602470880145
-0.646728515625,-0.407470703125,-0.6044921875,1264,1602470880160
-0.6563720703125,-0.381103515625,-0.63916015625,1265,1602470880167
-0.6787109375,-0.3995361328125,-0.6505126953125,1265,1602470880175
-0.6678466796875,-0.4234619140625,-0.6622314453125,1265,1602470880190
-0.6400146484375,-0.41796875,-0.656494140625,1265,1602470880197
-0.6055908203125,-0.4117431640625,-0.6356201171875,1266,1602470880205
-0.624755859375,-0.406494140625,-0.6397705078125,1266,1602470880220
-0.654541015625,-0.4019775390625,-0.638427734375,1266,1602470880227
-0.65576171875,-0.4144287109375,-0.671875,1267,1602470880235
-0.6295166015625,-0.4100341796875,-0.6829833984375,1267,1602470880250
-0.6090087890625,-0.413818359375,-0.6788330078125,1267,1602470880257
-0.61865234375,-0.4246826171875,-0.684326171875,1267,1602470880265
-0.6480712890625,-0.4359130859375,-0.6727294921875,1268,1602470880280
-0.6573486328125,-0.43994140625,-0.6395263671875,1268,1602470880287
-0.7225341796875,-0.3804931640625,-0.5390625,1268,1602470880295
-0.7852783203125,-0.2962646484375,-0.7418212890625,1269,1602470880310
-0.56640625,-0.33251953125,-0.7005615234375,1269,1602470880318
-0.46337890625,-0.4144287109375,-0.7371826171875,1269,1602470880325
-0.38818359375,-0.5274658203125,-0.7899169921875,1270,1602470880340
-0.3472900390625,-0.574951171875,-0.7205810546875,1270,1602470880348
-0.626220703125,-0.4296875,-0.5126953125,1270,1602470880355
-1.0015869140625,-0.419189453125,-0.6085205078125,1270,1602470880370
-0.938720703125,-0.4908447265625,-0.594482421875,1271,1602470880378
-0.7528076171875,-0.3890380859375,-0.5225830078125,1271,1602470880385
-0.6602783203125,-0.3631591796875,-0.5731201171875,1271,1602470880400
-0.742431640625,-0.4061279296875,-0.65185546875,1272,1602470880407
-0.72998046875,-0.4429931640625,-0.6419677734375,1272,1602470880415
-0.6531982421875,-0.4036865234375,-0.623046875,1272,1602470880430
-0.7122802734375,-0.3497314453125,-0.609619140625,1273,1602470880437
-0.6982421875,-0.377685546875,-0.619873046875,1273,1602470880445
-0.7694091796875,-0.365234375,-0.606201171875,1273,1602470880460
-0.7049560546875,-0.3614501953125,-0.5771484375,1273,1602470880467
-0.69580078125,-0.3408203125,-0.5838623046875,1274,1602470880475
-0.702880859375,-0.3580322265625,-0.6060791015625,1274,1602470880490
-0.687744140625,-0.3773193359375,-0.6195068359375,1274,1602470880497
-0.623046875,-0.3873291015625,-0.6298828125,1275,1602470880505
-0.6328125,-0.35302734375,-0.5780029296875,1275,1602470880520
-0.685791015625,-0.3045654296875,-0.671142578125,1275,1602470880528
-0.572021484375,-0.328857421875,-0.635498046875,1276,1602470880535
-0.555419921875,-0.3826904296875,-0.6732177734375,1276,1602470880550
-0.48388671875,-0.45361328125,-0.7386474609375,1276,1602470880558
-0.46728515625,-0.530029296875,-0.634033203125,1276,1602470880565
-0.7939453125,-0.526611328125,-0.64697265625,1277,1602470880580
-0.810546875,-0.5269775390625,-0.658935546875,1277,1602470880587
-0.7427978515625,-0.39013671875,-0.59912109375,1277,1602470880595
-0.658935546875,-0.3974609375,-0.5926513671875,1278,1602470880610
-0.692138671875,-0.4366455078125,-0.6141357421875,1278,1602470880617
-0.71875,-0.4449462890625,-0.6317138671875,1278,1602470880625
-0.6878662109375,-0.4031982421875,-0.6453857421875,1279,1602470880640
-0.645751953125,-0.3697509765625,-0.647216796875,1279,1602470880647
-0.6531982421875,-0.38818359375,-0.6484375,1279,1602470880655
-0.6702880859375,-0.4036865234375,-0.6607666015625,1280,1602470880670
-0.6849365234375,-0.3924560546875,-0.673583984375,1280,1602470880677
-0.6846923828125,-0.385009765625,-0.655029296875,1280,1602470880685
-0.6639404296875,-0.380126953125,-0.60986328125,1280,1602470880700
-0.646240234375,-0.3624267578125,-0.5992431640625,1281,1602470880707
-0.6517333984375,-0.3526611328125,-0.6148681640625,1281,1602470880715
-0.6646728515625,-0.3712158203125,-0.658203125,1281,1602470880730
-0.6778564453125,-0.4033203125,-0.6868896484375,1281,1602470880738
-0.64697265625,-0.4324951171875,-0.6907958984375,1282,1602470880745
-0.6376953125,-0.410400390625,-0.6217041015625,1282,1602470880760
-0.66455078125,-0.343994140625,-0.70068359375,1282,1602470880768
-0.6114501953125,-0.3590087890625,-0.647216796875,1283,1602470880775
-0.52001953125,-0.447021484375,-0.64111328125,1283,1602470880790
-0.516357421875,-0.502197265625,-0.745849609375,1283,1602470880797
-0.5567626953125,-0.50732421875,-0.68212890625,1284,1602470880805
-0.685302734375,-0.4111328125,-0.5252685546875,1284,1602470880820
-0.9365234375,-0.4425048828125,-0.6292724609375,1284,1602470880827
-0.75830078125,-0.4981689453125,-0.6031494140625,1284,1602470880835
-0.61865234375,-0.35888671875,-0.5770263671875,1285,1602470880850
-0.6676025390625,-0.3460693359375,-0.5467529296875,1285,1602470880857
-0.7578125,-0.4124755859375,-0.5789794921875,1285,1602470880865
-0.78515625,-0.3968505859375,-0.5894775390625,1286,1602470880880
-0.6922607421875,-0.3505859375,-0.5980224609375,1286,1602470880887
-0.63623046875,-0.322021484375,-0.5975341796875,1286,1602470880895
-0.67431640625,-0.338623046875,-0.591796875,1287,1602470880910
-0.754638671875,-0.3668212890625,-0.6053466796875,1287,1602470880917
-0.6845703125,-0.357421875,-0.6236572265625,1287,1602470880925
-0.7056884765625,-0.33349609375,-0.608154296875,1288,1602470880940
-0.6739501953125,-0.3648681640625,-0.5966796875,1288,1602470880948
-0.673828125,-0.3974609375,-0.6439208984375,1288,1602470880955
-0.6717529296875,-0.422607421875,-0.6717529296875,1288,1602470880971
-0.6348876953125,-0.43701171875,-0.6627197265625,1289,1602470880978
-0.6339111328125,-0.4544677734375,-0.6571044921875,1289,1602470880985
-0.660888671875,-0.4625244140625,-0.6641845703125,1289,1602470881000
-0.6783447265625,-0.4443359375,-0.6517333984375,1289,1602470881007
-0.6759033203125,-0.43603515625,-0.62451171875,1290,1602470881015
-0.6885986328125,-0.4298095703125,-0.599853515625,1290,1602470881030
-0.7664794921875,-0.3232421875,-0.5655517578125,1290,1602470881037
-0.7283935546875,-0.307861328125,-0.72119140625,1291,1602470881045
-0.6212158203125,-0.4903564453125,-0.600341796875,1291,1602470881060
-0.4390869140625,-0.522216796875,-0.6351318359375,1291,1602470881067
-0.7113037109375,-0.345703125,-0.717041015625,1292,1602470881075
-0.6153564453125,-0.4024658203125,-0.7139892578125,1292,1602470881090
-0.5994873046875,-0.4508056640625,-0.6981201171875,1292,1602470881097
-0.5322265625,-0.4307861328125,-0.6260986328125,1292,1602470881105
-0.6060791015625,-0.42138671875,-0.6011962890625,1293,1602470881120
-0.71044921875,-0.412109375,-0.599365234375,1293,1602470881127
-0.8438720703125,-0.4088134765625,-0.60888671875,1293,1602470881135
-0.80029296875,-0.424560546875,-0.58251953125,1294,1602470881142
-0.7047119140625,-0.3970947265625,-0.6021728515625,1294,1602470881158
-0.6544189453125,-0.358642578125,-0.6292724609375,1294,1602470881165
-0.6839599609375,-0.3743896484375,-0.6243896484375,1295,1602470881173
-0.7373046875,-0.4305419921875,-0.6082763671875,1295,1602470881188
-0.7078857421875,-0.4244384765625,-0.5662841796875,1295,1602470881195
-0.68408203125,-0.3953857421875,-0.5396728515625,1295,1602470881203
-0.656494140625,-0.37890625,-0.543212890625,1296,1602470881218
-0.666748046875,-0.364013671875,-0.5772705078125,1296,1602470881225
-0.691162109375,-0.35986328125,-0.6280517578125,1296,1602470881232
-0.6971435546875,-0.377685546875,-0.629638671875,1297,1602470881248
-0.729736328125,-0.3843994140625,-0.613037109375,1297,1602470881255
-0.699462890625,-0.383544921875,-0.6485595703125,1297,1602470881262
-0.6558837890625,-0.4268798828125,-0.6448974609375,1298,1602470881277
-0.6385498046875,-0.43212890625,-0.6507568359375,1298,1602470881285
-0.619384765625,-0.4219970703125,-0.6549072265625,1298,1602470881293
-0.5711669921875,-0.417236328125,-0.6318359375,1299,1602470881308
-0.588134765625,-0.408447265625,-0.65673828125,1299,1602470881315
-0.634033203125,-0.4180908203125,-0.6519775390625,1299,1602470881323
-0.7266845703125,-0.413330078125,-0.6422119140625,1299,1602470881338
-0.7115478515625,-0.43603515625,-0.6142578125,1300,1602470881345
-0.6707763671875,-0.4271240234375,-0.58935546875,1300,1602470881353
-0.670654296875,-0.4046630859375,-0.57421875,1300,1602470881368
-0.6932373046875,-0.420166015625,-0.5931396484375,1301,1602470881383
-0.68701171875,-0.4114990234375,-0.61328125,1301,1602470881398
-0.6627197265625,-0.40087890625,-0.61279296875,1301,1602470881405
-0.655517578125,-0.3922119140625,-0.63037109375,1302,1602470881413
-0.6522216796875,-0.3939208984375,-0.6390380859375,1302,1602470881420
-0.6424560546875,-0.405029296875,-0.6407470703125,1302,1602470881427
-0.6636962890625,-0.40234375,-0.6407470703125,1302,1602470881435
-0.67578125,-0.409912109375,-0.6202392578125,1303,1602470881442
-0.6329345703125,-0.415771484375,-0.624267578125,1303,1602470881457
-0.6170654296875,-0.3909912109375,-0.6566162109375,1303,1602470881472
-0.6690673828125,-0.3780517578125,-0.68994140625,1304,1602470881480
-0.66455078125,-0.4046630859375,-0.7197265625,1304,1602470881487
-0.608642578125,-0.396484375,-0.70947265625,1304,1602470881495
-0.552490234375,-0.37353515625,-0.705322265625,1304,1602470881503
-0.556396484375,-0.370361328125,-0.7342529296875,1305,1602470881517
-0.5966796875,-0.404541015625,-0.7152099609375,1305,1602470881525
-0.6488037109375,-0.423583984375,-0.6571044921875,1305,1602470881533
-0.7078857421875,-0.419921875,-0.6309814453125,1306,1602470881548
-0.747802734375,-0.4176025390625,-0.6278076171875,1306,1602470881555
-0.751708984375,-0.3822021484375,-0.6033935546875,1306,1602470881563
-0.67138671875,-0.351806640625,-0.5927734375,1307,1602470881578
-0.640869140625,-0.325439453125,-0.609130859375,1307,1602470881585
-0.6749267578125,-0.343505859375,-0.676025390625,1307,1602470881593
-0.7120361328125,-0.4013671875,-0.71240234375,1308,1602470881608
-0.6763916015625,-0.4459228515625,-0.715576171875,1308,1602470881615
-0.6187744140625,-0.4248046875,-0.7322998046875,1308,1602470881623
-0.6219482421875,-0.403076171875,-0.7191162109375,1308,1602470881637
-0.6192626953125,-0.41748046875,-0.6607666015625,1309,1602470881645
-0.5460205078125,-0.3953857421875,-0.6307373046875,1309,1602470881652
-0.564697265625,-0.3309326171875,-0.673095703125,1309,1602470881668
-0.659423828125,-0.3406982421875,-0.6904296875,1310,1602470881675
-0.6685791015625,-0.4063720703125,-0.6607666015625,1310,1602470881682
-0.624267578125,-0.42431640625,-0.663818359375,1310,1602470881698
-0.5872802734375,-0.4171142578125,-0.6724853515625,1310,1602470881705
-0.567138671875,-0.3948974609375,-0.7286376953125,1311,1602470881713
-0.5870361328125,-0.3662109375,-0.7301025390625,1311,1602470881728
-0.5789794921875,-0.3758544921875,-0.6220703125,1311,1602470881735
-0.61083984375,-0.3623046875,-0.56689453125,1312,1602470881743
-0.6490478515625,-0.3665771484375,-0.5838623046875,1312,1602470881758
-0.6685791015625,-0.3759765625,-0.5909423828125,1312,1602470881765
-0.7039794921875,-0.4013671875,-0.6402587890625,1312,1602470881773
-0.724853515625,-0.439453125,-0.720458984375,1313,1602470881788
-0.7183837890625,-0.4359130859375,-0.757568359375,1313,1602470881795
-0.6583251953125,-0.4202880859375,-0.7913818359375,1313,1602470881803
-0.56689453125,-0.400390625,-0.7669677734375,1314,1602470881818
-0.540771484375,-0.3670654296875,-0.6893310546875,1314,1602470881825
-0.572021484375,-0.3985595703125,-0.6771240234375,1314,1602470881833
-0.6590576171875,-0.4154052734375,-0.6978759765625,1315,1602470881848
-0.6671142578125,-0.3692626953125,-0.66259765625,1315,1602470881855
-0.671875,-0.3409423828125,-0.619384765625,1315,1602470881863
-0.733642578125,-0.3697509765625,-0.6409912109375,1316,1602470881878
-0.7353515625,-0.3983154296875,-0.6666259765625,1316,1602470881885
-0.6776123046875,-0.3818359375,-0.72802734375,1316,1602470881893
-0.599609375,-0.362060546875,-0.7353515625,1317,1602470881908
-0.5594482421875,-0.3758544921875,-0.6788330078125,1317,1602470881915
-0.5496826171875,-0.38525390625,-0.62548828125,1317,1602470881923
-0.63671875,-0.3739013671875,-0.619384765625,1317,1602470881938
-0.673828125,-0.3533935546875,-0.5557861328125,1318,1602470881945
-0.668701171875,-0.348388671875,-0.5592041015625,1318,1602470881953
-0.668212890625,-0.35888671875,-0.6143798828125,1318,1602470881968
-0.710693359375,-0.3914794921875,-0.69677734375,1319,1602470881975
-0.7587890625,-0.4193115234375,-0.7744140625,1319,1602470881983
-0.7779541015625,-0.417724609375,-0.762451171875,1319,1602470881998
-0.7615966796875,-0.4202880859375,-0.7464599609375,1319,1602470882005
-0.681884765625,-0.441650390625,-0.73193359375,1320,1602470882013
-0.5987548828125,-0.42529296875,-0.7376708984375,1320,1602470882028
-0.5875244140625,-0.3740234375,-0.66943359375,1320,1602470882035
-0.646728515625,-0.384033203125,-0.578857421875,1321,1602470882050
-0.7003173828125,-0.3836669921875,-0.69384765625,1321,1602470882058
-0.67626953125,-0.355224609375,-0.7469482421875,1321,1602470882065
-0.56982421875,-0.364013671875,-0.68310546875,1321,1602470882073
-0.5068359375,-0.3656005859375,-0.6190185546875,1322,1602470882088
-0.5660400390625,-0.3675537109375,-0.5748291015625,1322,1602470882095
-0.7158203125,-0.3636474609375,-0.6094970703125,1322,1602470882103
-0.7178955078125,-0.397216796875,-0.5723876953125,1323,1602470882118
-0.685546875,-0.42919921875,-0.5394287109375,1323,1602470882125
-0.65478515625,-0.4232177734375,-0.585693359375,1323,1602470882132
-0.6409912109375,-0.3970947265625,-0.624267578125,1324,1602470882148
-0.63037109375,-0.3900146484375,-0.6409912109375,1324,1602470882155
-0.6180419921875,-0.379150390625,-0.6129150390625,1324,1602470882163
-0.6947021484375,-0.3895263671875,-0.6151123046875,1325,1602470882178
-0.783447265625,-0.427001953125,-0.63720703125,1325,1602470882185
-0.7784423828125,-0.4405517578125,-0.6195068359375,1325,1602470882193
-0.7696533203125,-0.42041015625,-0.504150390625,1325,1602470882208
-0.788330078125,-0.383544921875,-0.3863525390625,1326,1602470882215
-0.932861328125,-0.3834228515625,-0.5379638671875,1326,1602470882223
-0.90185546875,-0.400146484375,-0.6663818359375,1326,1602470882238
-0.7044677734375,-0.374755859375,-0.614990234375,1327,1602470882245
-0.4937744140625,-0.3536376953125,-0.5738525390625,1327,1602470882253
-0.5653076171875,-0.395263671875,-0.5772705078125,1327,1602470882260
-0.7041015625,-0.4835205078125,-0.5606689453125,1328,1602470882275
-0.778076171875,-0.5191650390625,-0.5418701171875,1328,1602470882283
-0.7833251953125,-0.4720458984375,-0.524169921875,1328,1602470882290
-0.7847900390625,-0.4534912109375,-0.6064453125,1328,1602470882305
-0.845703125,-0.4383544921875,-0.67236328125,1329,1602470882313
-0.8675537109375,-0.443359375,-0.63720703125,1329,1602470882320
-0.841552734375,-0.4608154296875,-0.6429443359375,1329,1602470882335
-0.7574462890625,-0.4459228515625,-0.548095703125,1330,1602470882343
-0.7003173828125,-0.4208984375,-0.4979248046875,1330,1602470882350
-0.708251953125,-0.3935546875,-0.47900390625,1330,1602470882373
-0.6820068359375,-0.416259765625,-0.44873046875,1331,1602470882380
-0.68701171875,-0.418701171875,-0.421142578125,1331,1602470882388
-0.7384033203125,-0.412841796875,-0.46044921875,1331,1602470882395
-0.793701171875,-0.4224853515625,-0.5450439453125,1331,1602470882403
-0.782470703125,-0.430419921875,-0.5054931640625,1332,1602470882410
-0.7125244140625,-0.4571533203125,-0.4559326171875,1332,1602470882425
-0.6768798828125,-0.4549560546875,-0.4110107421875,1332,1602470882440
-0.6922607421875,-0.4259033203125,-0.3211669921875,1333,1602470882448
-0.7265625,-0.421875,-0.259033203125,1333,1602470882455
-0.7386474609375,-0.42236328125,-0.277099609375,1333,1602470882463
-0.7369384765625,-0.4263916015625,-0.3472900390625,1333,1602470882470
-0.7996826171875,-0.4425048828125,-0.4034423828125,1334,1602470882485
-0.9248046875,-0.492919921875,-0.4349365234375,1334,1602470882493
-0.9241943359375,-0.5347900390625,-0.4276123046875,1334,1602470882500
-0.8662109375,-0.49755859375,-0.3963623046875,1335,1602470882515
-0.82763671875,-0.43896484375,-0.4044189453125,1335,1602470882523
-0.80712890625,-0.4293212890625,-0.398681640625,1335,1602470882530
-0.80224609375,-0.447998046875,-0.349609375,1336,1602470882545
-0.73876953125,-0.4383544921875,-0.339111328125,1336,1602470882553
-0.6650390625,-0.419921875,-0.3846435546875,1336,1602470882560
-0.680908203125,-0.4034423828125,-0.4349365234375,1336,1602470882575
-0.7694091796875,-0.42626953125,-0.457763671875,1337,1602470882583
-0.79931640625,-0.486328125,-0.445556640625,1337,1602470882590
-0.788330078125,-0.51025390625,-0.422607421875,1337,1602470882605
-0.8023681640625,-0.5015869140625,-0.3756103515625,1338,1602470882613
-0.827880859375,-0.4786376953125,-0.3402099609375,1338,1602470882620
-0.8563232421875,-0.4486083984375,-0.3193359375,1338,1602470882635
-0.8341064453125,-0.4434814453125,-0.34033203125,1338,1602470882643
-0.83837890625,-0.4404296875,-0.4134521484375,1339,1602470882650
-0.9119873046875,-0.4647216796875,-0.4140625,1339,1602470882665
-0.8662109375,-0.505859375,-0.4176025390625,1339,1602470882673
-0.826171875,-0.49072265625,-0.4310302734375,1340,1602470882680
-0.84912109375,-0.4678955078125,-0.41748046875,1340,1602470882695
-0.870849609375,-0.4554443359375,-0.383544921875,1340,1602470882703
-0.8355712890625,-0.4505615234375,-0.3505859375,1341,1602470882710
-0.776611328125,-0.4439697265625,-0.3388671875,1341,1602470882725
-0.715576171875,-0.427734375,-0.3209228515625,1341,1602470882733
-0.7344970703125,-0.4140625,-0.3685302734375,1341,1602470882740
-0.7884521484375,-0.4102783203125,-0.4293212890625,1342,1602470882755
-0.8009033203125,-0.414794921875,-0.4127197265625,1342,1602470882763
-0.7919921875,-0.4287109375,-0.3726806640625,1342,1602470882770
-0.8150634765625,-0.4490966796875,-0.3485107421875,1343,1602470882785
-0.8372802734375,-0.453857421875,-0.317138671875,1343,1602470882793
-0.8555908203125,-0.4462890625,-0.3179931640625,1343,1602470882800
-0.8408203125,-0.4490966796875,-0.3685302734375,1344,1602470882815
-0.8126220703125,-0.4339599609375,-0.4024658203125,1344,1602470882823
-0.83203125,-0.405029296875,-0.31201171875,1344,1602470882830
-0.8358154296875,-0.4661865234375,-0.352294921875,1344,1602470882845
-0.7939453125,-0.4793701171875,-0.3970947265625,1345,1602470882853
-0.7967529296875,-0.437255859375,-0.3590087890625,1345,1602470882860
-0.793701171875,-0.427490234375,-0.2847900390625,1345,1602470882875
-0.808837890625,-0.4476318359375,-0.27978515625,1346,1602470882883
-0.9097900390625,-0.4686279296875,-0.3397216796875,1346,1602470882890
-0.9658203125,-0.487060546875,-0.4287109375,1346,1602470882905
-0.8931884765625,-0.48681640625,-0.4725341796875,1347,1602470882913
-0.7713623046875,-0.464599609375,-0.4476318359375,1347,1602470882920
-0.7310791015625,-0.43408203125,-0.430908203125,1347,1602470882935
-0.8082275390625,-0.42138671875,-0.422607421875,1347,1602470882943
-0.8359375,-0.44189453125,-0.3482666015625,1348,1602470882950
-0.843994140625,-0.4488525390625,-0.2989501953125,1348,1602470882965
-0.9132080078125,-0.4222412109375,-0.290771484375,1348,1602470882973
-0.9249267578125,-0.4219970703125,-0.308349609375,1349,1602470882980
-0.866455078125,-0.4168701171875,-0.3414306640625,1349,1602470882995
-0.81591796875,-0.4124755859375,-0.3892822265625,1349,1602470883003
-0.778076171875,-0.41748046875,-0.43212890625,1350,1602470883010
-0.7630615234375,-0.408447265625,-0.4166259765625,1350,1602470883025
-0.7626953125,-0.41650390625,-0.398681640625,1350,1602470883033
-0.7855224609375,-0.415771484375,-0.3651123046875,1350,1602470883040
-0.8114013671875,-0.4241943359375,-0.355712890625,1351,1602470883055
-0.8941650390625,-0.4287109375,-0.3062744140625,1351,1602470883063
-0.84814453125,-0.4041748046875,-0.2310791015625,1351,1602470883070
-0.826171875,-0.379150390625,-0.2724609375,1352,1602470883085
-0.936767578125,-0.4053955078125,-0.3692626953125,1352,1602470883093
-0.868408203125,-0.4395751953125,-0.3760986328125,1352,1602470883100
-0.9202880859375,-0.456787109375,-0.4404296875,1353,1602470883115
-0.9359130859375,-0.473388671875,-0.420166015625,1353,1602470883123
-0.87109375,-0.474365234375,-0.3564453125,1353,1602470883130
-0.8363037109375,-0.4345703125,-0.3260498046875,1353,1602470883145
-0.8609619140625,-0.38427734375,-0.300048828125,1354,1602470883153
-0.9095458984375,-0.3763427734375,-0.2769775390625,1354,1602470883160
-0.9190673828125,-0.393310546875,-0.261474609375,1354,1602470883175
-0.9168701171875,-0.417724609375,-0.28125,1355,1602470883183
-0.9202880859375,-0.417236328125,-0.2802734375,1355,1602470883190
-0.9095458984375,-0.42822265625,-0.314697265625,1355,1602470883205
-0.90380859375,-0.4378662109375,-0.36572265625,1355,1602470883213
-0.908447265625,-0.424560546875,-0.3900146484375,1356,1602470883220
-0.9127197265625,-0.4256591796875,-0.39013671875,1356,1602470883235
-0.9219970703125,-0.433349609375,-0.376953125,1356,1602470883243
-0.9486083984375,-0.447998046875,-0.3416748046875,1357,1602470883250
-0.9617919921875,-0.459716796875,-0.33154296875,1357,1602470883265
-0.8978271484375,-0.460205078125,-0.34423828125,1357,1602470883273
-0.815185546875,-0.448486328125,-0.325927734375,1358,1602470883280
-0.7371826171875,-0.415283203125,-0.2978515625,1358,1602470883295
-0.7779541015625,-0.40673828125,-0.29833984375,1358,1602470883303
-0.9632568359375,-0.42822265625,-0.2828369140625,1358,1602470883310
-0.958984375,-0.4541015625,-0.176513671875,1359,1602470883325
-0.892822265625,-0.4517822265625,-0.0867919921875,1359,1602470883333
-1.0355224609375,-0.4117431640625,-0.121337890625,1359,1602470883340
-0.879638671875,-0.4249267578125,-0.108642578125,1360,1602470883355
-0.697021484375,-0.4083251953125,-0.0330810546875,1360,1602470883363
-0.6732177734375,-0.3814697265625,-0.0255126953125,1360,1602470883370
-0.716552734375,-0.4088134765625,-0.055908203125,1361,1602470883385
-0.851318359375,-0.45068359375,-0.07080078125,1361,1602470883393
-0.905029296875,-0.4774169921875,-0.05322265625,1361,1602470883400
-0.9473876953125,-0.486328125,-0.05419921875,1361,1602470883408
-1.0828857421875,-0.4937744140625,-0.0582275390625,1362,1602470883423
-1.0899658203125,-0.4986572265625,-0.039794921875,1362,1602470883430
-0.9730224609375,-0.481689453125,-0.0224609375,1362,1602470883438
-0.8946533203125,-0.48095703125,0.0084228515625,1363,1602470883453
-0.8424072265625,-0.49169921875,-0.0030517578125,1363,1602470883460
-0.7900390625,-0.4781494140625,0.0205078125,1363,1602470883468
-0.760009765625,-0.471435546875,0.102783203125,1364,1602470883483
-0.77001953125,-0.4833984375,0.1322021484375,1364,1602470883490
-0.809326171875,-0.44677734375,0.1429443359375,1364,1602470883498
-0.8621826171875,-0.3931884765625,0.1640625,1364,1602470883513
-0.9447021484375,-0.39453125,0.17236328125,1365,1602470883520
-0.992919921875,-0.419677734375,0.1864013671875,1365,1602470883528
-0.97900390625,-0.4107666015625,0.1812744140625,1365,1602470883543
-0.9383544921875,-0.398681640625,0.1534423828125,1366,1602470883550
-0.9169921875,-0.39794921875,0.163818359375,1366,1602470883558
-0.9034423828125,-0.3837890625,0.181640625,1366,1602470883573
-0.884765625,-0.377197265625,0.195556640625,1366,1602470883580
-0.8988037109375,-0.402099609375,0.2279052734375,1367,1602470883588
-0.8858642578125,-0.4571533203125,0.2608642578125,1367,1602470883603
-0.84619140625,-0.4954833984375,0.2745361328125,1367,1602470883610
-0.857421875,-0.4906005859375,0.2567138671875,1368,1602470883618
-0.8536376953125,-0.466552734375,0.2449951171875,1368,1602470883633
-0.837646484375,-0.4549560546875,0.2965087890625,1368,1602470883640
-0.8466796875,-0.461181640625,0.3482666015625,1369,1602470883648
-0.846923828125,-0.421630859375,0.3719482421875,1369,1602470883663
-0.819580078125,-0.36083984375,0.38525390625,1369,1602470883670
-0.7901611328125,-0.33837890625,0.42626953125,1369,1602470883678
-0.816162109375,-0.3570556640625,0.42626953125,1370,1602470883693
-0.8302001953125,-0.405517578125,0.406005859375,1370,1602470883700
-0.8441162109375,-0.4356689453125,0.398681640625,1370,1602470883708
-0.89453125,-0.4102783203125,0.42529296875,1371,1602470883723
-0.8907470703125,-0.40771484375,0.3887939453125,1371,1602470883730
-0.8404541015625,-0.4627685546875,0.4017333984375,1371,1602470883738
-0.7568359375,-0.471923828125,0.4774169921875,1372,1602470883753
-0.69140625,-0.4344482421875,0.4630126953125,1372,1602470883760
-0.7135009765625,-0.3758544921875,0.390625,1372,1602470883768
-0.8985595703125,-0.3326416015625,0.315185546875,1373,1602470883784
-0.9638671875,-0.3450927734375,0.2669677734375,1373,1602470883790
-0.8809814453125,-0.407470703125,0.2447509765625,1373,1602470883798
-0.8421630859375,-0.4482421875,0.2392578125,1373,1602470883813
-0.8458251953125,-0.4644775390625,0.230712890625,1374,1602470883820
-0.850341796875,-0.4783935546875,0.25341796875,1374,1602470883828
-0.8555908203125,-0.455322265625,0.27880859375,1374,1602470883843
-0.8297119140625,-0.408935546875,0.2757568359375,1375,1602470883850
-0.7691650390625,-0.388916015625,0.2479248046875,1375,1602470883858
-0.7427978515625,-0.4222412109375,0.2603759765625,1375,1602470883873
-0.7379150390625,-0.464111328125,0.2711181640625,1375,1602470883880
-0.812255859375,-0.482666015625,0.2794189453125,1376,1602470883888
-0.87890625,-0.477294921875,0.30322265625,1376,1602470883903
-0.8739013671875,-0.474853515625,0.3382568359375,1376,1602470883910
-0.849609375,-0.4520263671875,0.3507080078125,1377,1602470883918
-0.827392578125,-0.41796875,0.3543701171875,1377,1602470883933
-0.8326416015625,-0.41357421875,0.37451171875,1377,1602470883940
-0.8631591796875,-0.4093017578125,0.37890625,1377,1602470883948
-0.919921875,-0.3739013671875,0.3538818359375,1378,1602470883963
-0.9097900390625,-0.3251953125,0.32470703125,1378,1602470883970
-0.888427734375,-0.2891845703125,0.30029296875,1378,1602470883978
-0.8734130859375,-0.2991943359375,0.262939453125,1379,1602470883993
-0.850341796875,-0.349609375,0.22705078125,1379,1602470884000
-0.826904296875,-0.4019775390625,0.20947265625,1379,1602470884008
-0.75048828125,-0.43115234375,0.1973876953125,1380,1602470884023
-0.72216796875,-0.421875,0.1632080078125,1380,1602470884030
-0.8450927734375,-0.4140625,0.1019287109375,1380,1602470884038
-0.9393310546875,-0.4261474609375,0.0421142578125,1381,1602470884053
-0.9259033203125,-0.435546875,-0.0428466796875,1381,1602470884061
-0.88525390625,-0.4351806640625,-0.1768798828125,1381,1602470884068
-0.90625,-0.4063720703125,-0.1810302734375,1382,1602470884083
-0.9205322265625,-0.3748779296875,-0.1446533203125,1382,1602470884090
-0.9730224609375,-0.380859375,-0.122802734375,1382,1602470884098
-1.096923828125,-0.4140625,-0.123046875,1382,1602470884113
-1.182373046875,-0.4317626953125,-0.1580810546875,1383,1602470884120
-1.128662109375,-0.45556640625,-0.2047119140625,1383,1602470884128
-1.078857421875,-0.470947265625,-0.1922607421875,1383,1602470884143
-1.0648193359375,-0.46728515625,-0.1790771484375,1384,1602470884150
-1.0623779296875,-0.4637451171875,-0.1514892578125,1384,1602470884158
-1.0662841796875,-0.4637451171875,-0.1060791015625,1384,1602470884173
-1.054931640625,-0.4593505859375,-0.0609130859375,1384,1602470884180
-1.003173828125,-0.4473876953125,-0.0421142578125,1385,1602470884188
-0.9271240234375,-0.4307861328125,-0.04638671875,1385,1602470884203
-0.8382568359375,-0.4100341796875,-0.0421142578125,1385,1602470884210
-0.7730712890625,-0.378173828125,-0.0230712890625,1386,1602470884218
-0.7578125,-0.3636474609375,-0.0281982421875,1386,1602470884233
-0.7896728515625,-0.35498046875,0.054931640625,1386,1602470884240
-0.856689453125,-0.3544921875,0.11962890625,1386,1602470884248
-0.9560546875,-0.3785400390625,0.1180419921875,1387,1602470884263
-1.0576171875,-0.421875,0.0743408203125,1387,1602470884270
-1.0948486328125,-0.4609375,0.030517578125,1387,1602470884278
-1.0537109375,-0.4610595703125,0.0135498046875,1388,1602470884293
-0.94287109375,-0.4217529296875,-0.0233154296875,1388,1602470884300
-0.8662109375,-0.3746337890625,-0.0052490234375,1388,1602470884308
-0.899658203125,-0.3297119140625,-0.0018310546875,1389,1602470884323
-1.0147705078125,-0.30908203125,0.0992431640625,1389,1602470884330
-1.1417236328125,-0.3787841796875,0.1900634765625,1389,1602470884338
-1.0946044921875,-0.4566650390625,0.2630615234375,1390,1602470884353
-0.96533203125,-0.4072265625,0.2532958984375,1390,1602470884360
-0.9423828125,-0.286865234375,0.1279296875,1390,1602470884368
-0.869873046875,-0.30322265625,0.06689453125,1391,1602470884383
-0.7926025390625,-0.4697265625,0.087158203125,1391,1602470884390
-0.8160400390625,-0.5928955078125,0.116455078125,1391,1602470884398
-0.9486083984375,-0.5501708984375,0.163330078125,1391,1602470884413
-0.9420166015625,-0.43994140625,0.2113037109375,1392,1602470884420
-0.8603515625,-0.3946533203125,0.2381591796875,1392,1602470884428
-0.874755859375,-0.4222412109375,0.224853515625,1392,1602470884443
-0.955322265625,-0.474853515625,0.19873046875,1392,1602470884450
-0.9752197265625,-0.4918212890625,0.203125,1393,1602470884458
-0.9000244140625,-0.4989013671875,0.1966552734375,1393,1602470884473
-0.7099609375,-0.483642578125,0.124755859375,1393,1602470884480
-0.5628662109375,-0.417724609375,0.0732421875,1394,1602470884488
-0.587646484375,-0.33349609375,0.0704345703125,1394,1602470884503
-0.7586669921875,-0.277587890625,0.0626220703125,1394,1602470884510
-0.93603515625,-0.286865234375,0.044677734375,1394,1602470884518
-1.007568359375,-0.3662109375,0.015380859375,1395,1602470884525
-0.9993896484375,-0.4381103515625,0.0189208984375,1395,1602470884540
-0.983642578125,-0.470703125,0.045654296875,1395,1602470884548
-0.966552734375,-0.4696044921875,0.0714111328125,1396,1602470884555
-0.9405517578125,-0.4351806640625,0.0872802734375,1396,1602470884570
-0.8687744140625,-0.406005859375,0.05908203125,1396,1602470884578
-0.801513671875,-0.3905029296875,0.0294189453125,1397,1602470884585
-0.8150634765625,-0.373291015625,0.0322265625,1397,1602470884600
-0.9041748046875,-0.3487548828125,0.010498046875,1397,1602470884608
-0.987060546875,-0.338623046875,-0.000244140625,1397,1602470884615
-1.0159912109375,-0.3494873046875,0.00537109375,1398,1602470884630
-1.0255126953125,-0.362060546875,0.022705078125,1398,1602470884638
-1.005859375,-0.359375,0.0738525390625,1398,1602470884645
-0.9451904296875,-0.359130859375,0.1051025390625,1399,1602470884660
-0.88232421875,-0.3609619140625,0.14599609375,1399,1602470884668
-0.8028564453125,-0.338134765625,0.1658935546875,1399,1602470884675
-0.7562255859375,-0.301025390625,0.1585693359375,1400,1602470884690
-0.8358154296875,-0.264892578125,0.1575927734375,1400,1602470884698
-0.9415283203125,-0.259033203125,0.15087890625,1400,1602470884705
-1.0299072265625,-0.2864990234375,0.129150390625,1401,1602470884720
-1.0465087890625,-0.3348388671875,0.1195068359375,1401,1602470884728
-1.0404052734375,-0.3624267578125,0.1458740234375,1401,1602470884735
-1.02783203125,-0.3599853515625,0.1658935546875,1402,1602470884750
-1.01806640625,-0.3446044921875,0.1771240234375,1402,1602470884758
-0.998779296875,-0.33935546875,0.1954345703125,1402,1602470884765
-0.968994140625,-0.336181640625,0.1888427734375,1402,1602470884780
-0.9451904296875,-0.32421875,0.154052734375,1403,1602470884788
-0.9552001953125,-0.3082275390625,0.1309814453125,1403,1602470884795
-0.9652099609375,-0.32177734375,0.11962890625,1403,1602470884810
-0.940185546875,-0.331787109375,0.1357421875,1403,1602470884818
-0.9327392578125,-0.332763671875,0.173583984375,1404,1602470884825
-0.9447021484375,-0.345458984375,0.193359375,1404,1602470884840
-0.876220703125,-0.3734130859375,0.161376953125,1404,1602470884848
-0.792724609375,-0.357666015625,0.1671142578125,1405,1602470884855
-0.739501953125,-0.2557373046875,0.200439453125,1405,1602470884870
-0.8360595703125,-0.2130126953125,0.1881103515625,1405,1602470884878
-1.000244140625,-0.2908935546875,0.1126708984375,1405,1602470884885
-1.1416015625,-0.3302001953125,0.0770263671875,1406,1602470884900
-1.2120361328125,-0.3184814453125,0.065185546875,1406,1602470884908
-1.2012939453125,-0.3360595703125,0.05419921875,1406,1602470884915
-1.13330078125,-0.364990234375,0.0718994140625,1407,1602470884930
-1.01513671875,-0.32763671875,0.1541748046875,1407,1602470884938
-0.920166015625,-0.3218994140625,0.2044677734375,1407,1602470884945
-0.9041748046875,-0.3428955078125,0.229248046875,1408,1602470884960
-0.948486328125,-0.334228515625,0.2091064453125,1408,1602470884968
-1.005615234375,-0.2969970703125,0.20263671875,1408,1602470884975
-1.052001953125,-0.2850341796875,0.167724609375,1409,1602470884990
-1.2376708984375,-0.3641357421875,0.1383056640625,1409,1602470884998
-1.3154296875,-0.4002685546875,0.162109375,1409,1602470885005
-1.25439453125,-0.3671875,0.1949462890625,1409,1602470885020
-1.1641845703125,-0.3311767578125,0.2271728515625,1410,1602470885028
-1.1754150390625,-0.30322265625,0.2464599609375,1410,1602470885035
-1.3192138671875,-0.239013671875,0.1754150390625,1410,1602470885050
-1.5462646484375,-0.2786865234375,0.03466796875,1411,1602470885058
-1.4869384765625,-0.3985595703125,0.043701171875,1411,1602470885065
-1.2149658203125,-0.4287109375,0.0770263671875,1411,1602470885080
-0.9794921875,-0.4769287109375,0.1458740234375,1412,1602470885088
-0.6455078125,-0.553466796875,0.285888671875,1412,1602470885095
-0.3851318359375,-0.572021484375,0.4346923828125,1412,1602470885110
-0.3306884765625,-0.5645751953125,0.5296630859375,1412,1602470885118
-0.2757568359375,-0.6148681640625,0.6676025390625,1413,1602470885125
-0.23095703125,-0.646728515625,0.8023681640625,1413,1602470885140
-0.29833984375,-0.6251220703125,0.9017333984375,1413,1602470885148
-0.408935546875,-0.60595703125,0.9281005859375,1414,1602470885155
-0.417724609375,-0.6240234375,0.9219970703125,1414,1602470885170
-0.31787109375,-0.6463623046875,0.896240234375,1414,1602470885178
-0.26904296875,-0.7122802734375,0.7777099609375,1414,1602470885185
-0.2611083984375,-0.7525634765625,0.64306640625,1415,1602470885208
-0.2376708984375,-0.7801513671875,0.5396728515625,1415,1602470885215
-0.1778564453125,-0.793701171875,0.4791259765625,1416,1602470885223
-0.083740234375,-0.7642822265625,0.47998046875,1416,1602470885230
0.02734375,-0.72998046875,0.4609375,1416,1602470885238
0.08447265625,-0.7017822265625,0.5028076171875,1416,1602470885245
0.0625,-0.5924072265625,0.6072998046875,1417,1602470885260
0.0408935546875,-0.4703369140625,0.68994140625,1417,1602470885268
0.0281982421875,-0.4422607421875,0.7200927734375,1417,1602470885275
-0.0057373046875,-0.4462890625,0.7088623046875,1418,1602470885290
0.0037841796875,-0.4176025390625,0.72314453125,1418,1602470885298
0.0731201171875,-0.3785400390625,0.74951171875,1418,1602470885305
0.0889892578125,-0.33935546875,0.7674560546875,1418,1602470885320
0.08154296875,-0.260009765625,0.770263671875,1419,1602470885328
0.1005859375,-0.1468505859375,0.75927734375,1419,1602470885335
-0.137451171875,-0.039306640625,0.7994384765625,1419,1602470885350
-0.4736328125,0.0380859375,0.7783203125,1420,1602470885358
-0.7286376953125,0.009521484375,0.7320556640625,1420,1602470885365
-0.873291015625,-0.0328369140625,0.7293701171875,1420,1602470885380
-0.7457275390625,0.01806640625,0.8079833984375,1421,1602470885388
-0.5521240234375,0.154296875,0.8966064453125,1421,1602470885403
-0.50341796875,0.33349609375,0.9566650390625,1421,1602470885410
-0.5445556640625,0.4801025390625,0.966796875,1422,1602470885433
-0.5816650390625,0.4832763671875,0.9130859375,1422,1602470885440
-0.5628662109375,0.3411865234375,0.8878173828125,1422,1602470885448
-0.4237060546875,0.177490234375,0.9151611328125,1423,1602470885455
-0.3392333984375,0.047607421875,0.9285888671875,1423,1602470885470
-0.36181640625,-0.03466796875,0.9346923828125,1423,1602470885478
-0.5653076171875,-0.0660400390625,1.0142822265625,1423,1602470885485
-0.681640625,-0.0487060546875,0.9937744140625,1424,1602470885493
-0.5565185546875,-0.0311279296875,0.9942626953125,1424,1602470885500
-0.2056884765625,-0.0390625,1.156005859375,1424,1602470885508
-0.14501953125,-0.091064453125,1.1844482421875,1424,1602470885515
-0.259765625,-0.1717529296875,1.1243896484375,1425,1602470885530
-0.22314453125,-0.235107421875,1.0908203125,1425,1602470885538
-0.19091796875,-0.2362060546875,1.0618896484375,1425,1602470885545
-0.2298583984375,-0.1744384765625,1.072998046875,1426,1602470885560
-0.224365234375,-0.1141357421875,1.15380859375,1426,1602470885568
-0.2200927734375,-0.0751953125,1.146728515625,1427,1602470885590
-0.2916259765625,-0.07763671875,1.1339111328125,1427,1602470885598
-0.38623046875,-0.081787109375,1.213623046875,1427,1602470885605
-0.4442138671875,-0.02099609375,1.260498046875,1427,1602470885613
-0.4327392578125,-0.0032958984375,1.2357177734375,1428,1602470885643
-0.4156494140625,-0.00146484375,1.197509765625,1428,1602470885650
-0.41796875,0.058349609375,1.148681640625,1429,1602470885658
-0.318359375,0.05322265625,1.07470703125,1429,1602470885665
-0.2362060546875,-0.0321044921875,1.0311279296875,1429,1602470885680
-0.2625732421875,-0.0811767578125,1.0374755859375,1429,1602470885688
-0.290771484375,-0.1072998046875,1.0218505859375,1430,1602470885703
-0.2493896484375,-0.10791015625,0.96435546875,1430,1602470885710
-0.195068359375,-0.0965576171875,0.9879150390625,1431,1602470885725
-0.12548828125,-0.120849609375,0.990234375,1431,1602470885733
-0.055419921875,-0.143310546875,0.911865234375,1431,1602470885740
-0.10009765625,-0.147216796875,0.80908203125,1431,1602470885748
-0.2535400390625,-0.20068359375,0.6934814453125,1432,1602470885755
-0.4144287109375,-0.29638671875,0.6142578125,1432,1602470885763
-0.476318359375,-0.3759765625,0.610107421875,1432,1602470885770
-0.404052734375,-0.4013671875,0.5899658203125,1432,1602470885785
-0.3126220703125,-0.395263671875,0.577392578125,1433,1602470885793
-0.294189453125,-0.388671875,0.5709228515625,1433,1602470885800
-0.354736328125,-0.3536376953125,0.5467529296875,1433,1602470885808
-0.435546875,-0.3157958984375,0.544921875,1433,1602470885815
-0.4677734375,-0.326904296875,0.5277099609375,1433,1602470885823
-0.5054931640625,-0.376708984375,0.47119140625,1434,1602470885830
-0.593994140625,-0.440185546875,0.3485107421875,1434,1602470885838
-0.636474609375,-0.4739990234375,0.2528076171875,1434,1602470885845
-0.6619873046875,-0.48876953125,0.1622314453125,1434,1602470885853
-0.7076416015625,-0.5186767578125,0.1156005859375,1435,1602470885868
-0.7628173828125,-0.564697265625,0.0870361328125,1435,1602470885875
-0.7138671875,-0.577880859375,0.090087890625,1435,1602470885883
-0.639892578125,-0.4991455078125,0.102294921875,1436,1602470885898
-0.73583984375,-0.35791015625,0.0372314453125,1436,1602470885905
-1.001708984375,-0.266357421875,-0.033935546875,1436,1602470885913
-1.196044921875,-0.2880859375,-0.062255859375,1437,1602470885928
-1.2523193359375,-0.373291015625,-0.08935546875,1437,1602470885935
-1.180908203125,-0.44580078125,-0.08056640625,1437,1602470885943
-1.12158203125,-0.4853515625,-0.10791015625,1438,1602470885958
-1.18017578125,-0.492431640625,-0.11181640625,1438,1602470885965
-1.3297119140625,-0.48974609375,-0.1302490234375,1438,1602470885973
-1.5118408203125,-0.4910888671875,-0.1387939453125,1438,1602470885988
-1.617431640625,-0.4830322265625,-0.083740234375,1439,1602470885995
-1.415771484375,-0.4114990234375,0.0667724609375,1439,1602470886003
-1.0306396484375,-0.283447265625,0.1685791015625,1439,1602470886018
-0.874267578125,-0.200439453125,0.0870361328125,1440,1602470886025
-0.8997802734375,-0.1878662109375,0.0283203125,1440,1602470886033
-0.90283203125,-0.2425537109375,0.051025390625,1440,1602470886048
-0.96484375,-0.3009033203125,0.0091552734375,1440,1602470886055
-1.090576171875,-0.3443603515625,-0.0692138671875,1441,1602470886063
-1.1417236328125,-0.3917236328125,-0.1268310546875,1441,1602470886078
-1.0965576171875,-0.41162109375,-0.132080078125,1441,1602470886085
-0.97705078125,-0.378173828125,-0.1953125,1442,1602470886093
-0.8275146484375,-0.324462890625,-0.1514892578125,1442,1602470886108
-0.798583984375,-0.2764892578125,-0.016357421875,1442,1602470886115
-0.9940185546875,-0.2664794921875,0.033935546875,1443,1602470886123
-1.197509765625,-0.31787109375,0.0419921875,1443,1602470886138
-1.1385498046875,-0.3797607421875,0.091064453125,1443,1602470886145
-0.9552001953125,-0.3834228515625,0.100830078125,1443,1602470886153
-0.86083984375,-0.33740234375,-0.062255859375,1444,1602470886168
-0.905517578125,-0.3525390625,-0.174560546875,1444,1602470886175
-0.86376953125,-0.4007568359375,-0.1348876953125,1444,1602470886183
-0.7890625,-0.40087890625,-0.02880859375,1445,1602470886198
-0.95751953125,-0.402099609375,0.0562744140625,1445,1602470886205
-1.0765380859375,-0.387451171875,0.1533203125,1445,1602470886213
-1.029541015625,-0.3604736328125,0.2025146484375,1446,1602470886228
-1.025390625,-0.3529052734375,0.24169921875,1446,1602470886235
-1.029296875,-0.351318359375,0.154541015625,1446,1602470886243
-0.9737548828125,-0.37646484375,-0.022705078125,1446,1602470886258
-0.9107666015625,-0.4012451171875,-0.085693359375,1447,1602470886265
-0.8150634765625,-0.4012451171875,-0.0439453125,1447,1602470886273
-0.7685546875,-0.3603515625,0.0096435546875,1447,1602470886288
-0.818359375,-0.29931640625,0.0977783203125,1448,1602470886295
-0.9267578125,-0.263671875,0.1680908203125,1448,1602470886303
-0.979736328125,-0.2574462890625,0.145751953125,1448,1602470886318
-0.9505615234375,-0.232421875,0.128173828125,1449,1602470886325
-0.827880859375,-0.2301025390625,0.076904296875,1449,1602470886333
-0.7734375,-0.301513671875,-0.1485595703125,1449,1602470886348
-0.9466552734375,-0.4072265625,-0.2484130859375,1449,1602470886355
-0.9561767578125,-0.4495849609375,-0.1234130859375,1450,1602470886363
-0.881103515625,-0.4317626953125,0.0416259765625,1450,1602470886378
-0.9710693359375,-0.3785400390625,0.103515625,1450,1602470886385
-1.0963134765625,-0.334228515625,0.0447998046875,1451,1602470886393
-1.069091796875,-0.3896484375,-0.0186767578125,1451,1602470886408
-1.068603515625,-0.5106201171875,-0.09619140625,1451,1602470886415
-1.0631103515625,-0.572998046875,-0.1815185546875,1451,1602470886423
-0.9879150390625,-0.51513671875,-0.2049560546875,1452,1602470886438
-0.873779296875,-0.407470703125,-0.1529541015625,1452,1602470886445
-0.8365478515625,-0.3173828125,-0.121337890625,1452,1602470886453
-0.852783203125,-0.2718505859375,-0.0606689453125,1453,1602470886468
-0.8641357421875,-0.2857666015625,-0.0211181640625,1453,1602470886475
-0.8277587890625,-0.3165283203125,0.0091552734375,1453,1602470886483
-0.7919921875,-0.3094482421875,0.0447998046875,1454,1602470886498
-0.833251953125,-0.2982177734375,0.0638427734375,1454,1602470886505
-0.8807373046875,-0.3184814453125,0.0675048828125,1454,1602470886513
-0.8941650390625,-0.3525390625,-0.012939453125,1455,1602470886528
-0.8875732421875,-0.3812255859375,-0.1380615234375,1455,1602470886535
-0.8863525390625,-0.409423828125,-0.1612548828125,1455,1602470886543
-0.9752197265625,-0.418701171875,-0.0653076171875,1455,1602470886558
-1.1192626953125,-0.392822265625,0.0311279296875,1456,1602470886565
-1.12841796875,-0.367431640625,0.074462890625,1456,1602470886573
-0.9967041015625,-0.37744140625,0.0791015625,1456,1602470886588
-0.8607177734375,-0.3819580078125,0.0494384765625,1457,1602470886595
-0.7586669921875,-0.3560791015625,0.0198974609375,1457,1602470886603
-0.7623291015625,-0.342529296875,0.00830078125,1457,1602470886618
-0.8236083984375,-0.353515625,-0.0194091796875,1457,1602470886625
-0.864501953125,-0.3687744140625,-0.0364990234375,1458,1602470886633
-0.8948974609375,-0.37841796875,-0.0380859375,1458,1602470886648
-0.917724609375,-0.3726806640625,0.0023193359375,1458,1602470886655
-0.976806640625,-0.369140625,0.0648193359375,1459,1602470886663
-1.0133056640625,-0.382568359375,0.006591796875,1459,1602470886678
-0.9749755859375,-0.3544921875,0.003173828125,1459,1602470886685
-0.92431640625,-0.257080078125,0.058837890625,1460,1602470886693
-0.9273681640625,-0.214111328125,-0.054443359375,1460,1602470886708
-0.87890625,-0.3197021484375,-0.1148681640625,1460,1602470886715
-0.9039306640625,-0.4793701171875,-0.1802978515625,1460,1602470886723
-1.0009765625,-0.50341796875,-0.221435546875,1461,1602470886738
-1.0196533203125,-0.4039306640625,-0.1776123046875,1461,1602470886745
-1.013671875,-0.3341064453125,-0.1796875,1461,1602470886753
-1.01806640625,-0.33740234375,-0.192626953125,1462,1602470886760
-0.8668212890625,-0.343994140625,-0.181884765625,1462,1602470886783
-0.840087890625,-0.3431396484375,-0.219970703125,1462,1602470886790
-0.911865234375,-0.325439453125,-0.2449951171875,1463,1602470886798
-0.97998046875,-0.3194580078125,-0.262939453125,1463,1602470886805
-1.0201416015625,-0.3443603515625,-0.2630615234375,1463,1602470886813
-0.955078125,-0.3565673828125,-0.24951171875,1463,1602470886820
-0.927001953125,-0.3289794921875,-0.2259521484375,1464,1602470886835
-0.913330078125,-0.29052734375,-0.2064208984375,1464,1602470886843
-0.9207763671875,-0.2979736328125,-0.2171630859375,1464,1602470886850
-0.9244384765625,-0.32861328125,-0.2294921875,1465,1602470886865
-0.9183349609375,-0.3516845703125,-0.2423095703125,1465,1602470886873
-0.9091796875,-0.3587646484375,-0.26318359375,1465,1602470886881
-0.889404296875,-0.3575439453125,-0.2718505859375,1466,1602470886895
-0.884765625,-0.364501953125,-0.277099609375,1466,1602470886903
-0.8763427734375,-0.3662109375,-0.297119140625,1466,1602470886911
-0.888671875,-0.3682861328125,-0.295166015625,1466,1602470886926
-0.9107666015625,-0.3616943359375,-0.2843017578125,1467,1602470886933
-0.9439697265625,-0.35107421875,-0.277587890625,1467,1602470886940
-0.96826171875,-0.3509521484375,-0.2738037109375,1467,1602470886955
-0.9461669921875,-0.3487548828125,-0.2681884765625,1468,1602470886963
-0.912353515625,-0.3382568359375,-0.2572021484375,1468,1602470886970
-0.885498046875,-0.3349609375,-0.2537841796875,1468,1602470886985
-0.8692626953125,-0.3377685546875,-0.2742919921875,1468,1602470886993
-0.8902587890625,-0.3424072265625,-0.3134765625,1469,1602470887000
-0.9013671875,-0.3499755859375,-0.3326416015625,1469,1602470887015
-0.8741455078125,-0.3577880859375,-0.34375,1469,1602470887023
-0.8828125,-0.3519287109375,-0.32568359375,1470,1602470887030
-0.943359375,-0.33984375,-0.2860107421875,1470,1602470887045
-1.0140380859375,-0.3270263671875,-0.2607421875,1470,1602470887053
-1.063720703125,-0.3355712890625,-0.2628173828125,1471,1602470887060
-0.9896240234375,-0.363037109375,-0.2608642578125,1471,1602470887075
-0.8692626953125,-0.367919921875,-0.27392578125,1471,1602470887083
-0.784423828125,-0.3505859375,-0.3082275390625,1471,1602470887090
-0.74951171875,-0.346923828125,-0.3436279296875,1472,1602470887105
-0.7615966796875,-0.3587646484375,-0.3487548828125,1472,1602470887113
-0.8065185546875,-0.356689453125,-0.3272705078125,1472,1602470887121
-0.900390625,-0.343017578125,-0.2978515625,1473,1602470887135
-0.98583984375,-0.3365478515625,-0.2872314453125,1473,1602470887143
-1.0107421875,-0.3544921875,-0.2896728515625,1473,1602470887150
-0.979248046875,-0.3663330078125,-0.2874755859375,1474,1602470887165
-0.932373046875,-0.35546875,-0.2677001953125,1474,1602470887173
-0.9285888671875,-0.3365478515625,-0.243408203125,1474,1602470887180
-0.9566650390625,-0.32470703125,-0.2470703125,1475,1602470887195
-0.947265625,-0.3404541015625,-0.2520751953125,1475,1602470887203
-0.8765869140625,-0.37353515625,-0.2725830078125,1475,1602470887210
-0.8291015625,-0.37548828125,-0.286376953125,1475,1602470887225
-0.84912109375,-0.3377685546875,-0.2298583984375,1476,1602470887233
-0.926513671875,-0.31640625,-0.216552734375,1476,1602470887240
-1.0347900390625,-0.3458251953125,-0.236572265625,1476,1602470887255
-1.0762939453125,-0.3934326171875,-0.2696533203125,1477,1602470887263
-0.994384765625,-0.4217529296875,-0.2637939453125,1477,1602470887270
-0.8731689453125,-0.3919677734375,-0.236328125,1477,1602470887285
-0.8353271484375,-0.3486328125,-0.19384765625,1477,1602470887293
-0.8653564453125,-0.3319091796875,-0.1748046875,1478,1602470887300
-0.8846435546875,-0.3408203125,-0.161865234375,1478,1602470887315
-0.889892578125,-0.3590087890625,-0.1497802734375,1478,1602470887323
-0.9324951171875,-0.3709716796875,-0.16650390625,1479,1602470887330
-0.961669921875,-0.36865234375,-0.191650390625,1479,1602470887345
-0.9254150390625,-0.353759765625,-0.2076416015625,1479,1602470887353
-0.833984375,-0.3453369140625,-0.1768798828125,1479,1602470887360
-0.89013671875,-0.36474609375,-0.1451416015625,1480,1602470887375
-0.9404296875,-0.3629150390625,-0.11474609375,1480,1602470887383
-0.9256591796875,-0.3670654296875,-0.0758056640625,1480,1602470887390
-0.8699951171875,-0.3563232421875,-0.064697265625,1481,1602470887405
-0.8638916015625,-0.3427734375,-0.0594482421875,1481,1602470887413
-0.9383544921875,-0.364990234375,-0.07568359375,1481,1602470887420
-0.9775390625,-0.3944091796875,-0.048828125,1482,1602470887435
-0.9503173828125,-0.391845703125,-0.03125,1482,1602470887450
-0.8470458984375,-0.35693359375,-0.033935546875,1482,1602470887458
-0.75537109375,-0.338623046875,-0.1087646484375,1483,1602470887466
-0.796630859375,-0.353759765625,-0.1484375,1483,1602470887473
-0.913818359375,-0.3297119140625,-0.1197509765625,1483,1602470887480
-0.95849609375,-0.32080078125,-0.0845947265625,1484,1602470887497
-0.935546875,-0.333984375,-0.022216796875,1484,1602470887503
-0.939208984375,-0.336669921875,-0.006103515625,1484,1602470887511
-0.9700927734375,-0.36474609375,-0.0277099609375,1484,1602470887526
-0.9991455078125,-0.3709716796875,-0.0296630859375,1484,1602470887533
-0.963623046875,-0.3511962890625,-0.030029296875,1485,1602470887540
-0.8980712890625,-0.3560791015625,-0.0335693359375,1485,1602470887555
-0.855224609375,-0.349365234375,-0.0631103515625,1486,1602470887563
-0.83837890625,-0.3243408203125,-0.1219482421875,1486,1602470887570
-0.8497314453125,-0.3057861328125,-0.1705322265625,1486,1602470887585
-0.9227294921875,-0.320068359375,-0.20556640625,1486,1602470887593
-1.0264892578125,-0.356201171875,-0.1783447265625,1487,1602470887600
-1.097412109375,-0.3699951171875,-0.161376953125,1487,1602470887615
-1.106689453125,-0.3551025390625,-0.1795654296875,1487,1602470887623
-1.052734375,-0.333740234375,-0.1907958984375,1488,1602470887630
-0.986572265625,-0.306396484375,-0.18701171875,1488,1602470887645
-0.965576171875,-0.28369140625,-0.232421875,1488,1602470887653
-0.917724609375,-0.296875,-0.255126953125,1488,1602470887660
-0.8770751953125,-0.3406982421875,-0.248291015625,1489,1602470887675
-0.879150390625,-0.361328125,-0.2857666015625,1489,1602470887683
-0.8128662109375,-0.36474609375,-0.2725830078125,1489,1602470887691
-0.813720703125,-0.37548828125,-0.24853515625,1490,1602470887706
-0.841796875,-0.3341064453125,-0.1728515625,1490,1602470887713
-0.881591796875,-0.3094482421875,-0.1324462890625,1490,1602470887720
-0.942626953125,-0.3436279296875,-0.22021484375,1491,1602470887735
-1.005615234375,-0.345703125,-0.1993408203125,1491,1602470887743
-1.0426025390625,-0.3363037109375,-0.17041015625,1491,1602470887750
-1.057373046875,-0.345458984375,-0.18994140625,1492,1602470887765
-1.007080078125,-0.368896484375,-0.173828125,1492,1602470887773
-0.949462890625,-0.3670654296875,-0.1605224609375,1492,1602470887780
-0.93701171875,-0.324951171875,-0.22216796875,1493,1602470887795
-0.9150390625,-0.2843017578125,-0.27197265625,1493,1602470887803
-0.9189453125,-0.29052734375,-0.2498779296875,1493,1602470887810
-0.948974609375,-0.3394775390625,-0.2186279296875,1493,1602470887825
-0.9595947265625,-0.359375,-0.216796875,1494,1602470887833
-0.90478515625,-0.32861328125,-0.18994140625,1494,1602470887841
-0.867919921875,-0.319580078125,-0.2467041015625,1494,1602470887855
-0.8782958984375,-0.316650390625,-0.280517578125,1495,1602470887863
-0.8782958984375,-0.334716796875,-0.2572021484375,1495,1602470887870
-0.93310546875,-0.35498046875,-0.1856689453125,1495,1602470887878
-0.9949951171875,-0.34033203125,-0.174560546875,1495,1602470887893
-0.9881591796875,-0.3363037109375,-0.2447509765625,1496,1602470887901
-0.8743896484375,-0.376220703125,-0.2716064453125,1496,1602470887908
-0.7603759765625,-0.3885498046875,-0.2392578125,1496,1602470887923
-0.824462890625,-0.3568115234375,-0.25732421875,1496,1602470887931
-0.926025390625,-0.32861328125,-0.2374267578125,1497,1602470887938
-0.9449462890625,-0.3524169921875,-0.19140625,1497,1602470887953
-0.98974609375,-0.4071044921875,-0.2154541015625,1497,1602470887960
-0.96337890625,-0.408935546875,-0.23583984375,1498,1602470887968
-0.872802734375,-0.3575439453125,-0.2083740234375,1498,1602470887983
-0.844970703125,-0.345703125,-0.2298583984375,1498,1602470887990
-0.8348388671875,-0.3438720703125,-0.25927734375,1498,1602470887998
-0.9666748046875,-0.38134765625,-0.261962890625,1499,1602470888013
-0.9698486328125,-0.374267578125,-0.2257080078125,1499,1602470888020
-0.8619384765625,-0.3145751953125,-0.223388671875,1499,1602470888028
-0.859375,-0.3101806640625,-0.22314453125,1500,1602470888043
-0.83984375,-0.319580078125,-0.1932373046875,1500,1602470888051
-0.8590087890625,-0.321044921875,-0.1904296875,1500,1602470888058
-0.8902587890625,-0.3370361328125,-0.21728515625,1501,1602470888073
-0.8662109375,-0.3756103515625,-0.217041015625,1501,1602470888080
-0.806396484375,-0.3616943359375,-0.25244140625,1501,1602470888088
-0.8243408203125,-0.3360595703125,-0.306884765625,1502,1602470888103
-0.8489990234375,-0.3394775390625,-0.339111328125,1502,1602470888111
-0.8538818359375,-0.3980712890625,-0.4173583984375,1502,1602470888118
-0.8916015625,-0.433349609375,-0.4425048828125,1503,1602470888133
-0.9296875,-0.41259765625,-0.4232177734375,1503,1602470888141
-0.9700927734375,-0.376953125,-0.40869140625,1503,1602470888148
-0.9957275390625,-0.37060546875,-0.3856201171875,1503,1602470888163
-0.9683837890625,-0.3922119140625,-0.3624267578125,1504,1602470888170
-0.91943359375,-0.361083984375,-0.2965087890625,1504,1602470888178
-0.8961181640625,-0.3057861328125,-0.278076171875,1504,1602470888193
-0.87109375,-0.244140625,-0.2501220703125,1505,1602470888200
-0.9239501953125,-0.2884521484375,-0.279296875,1505,1602470888208
-0.9569091796875,-0.3594970703125,-0.306396484375,1505,1602470888223
-0.9208984375,-0.3919677734375,-0.267578125,1505,1602470888230
-0.806884765625,-0.4031982421875,-0.27734375,1506,1602470888238
-0.7869873046875,-0.36865234375,-0.280029296875,1506,1602470888253
-0.8004150390625,-0.34228515625,-0.35302734375,1506,1602470888260
-0.8946533203125,-0.30859375,-0.3353271484375,1507,1602470888268
-0.8619384765625,-0.3466796875,-0.3455810546875,1507,1602470888283
-0.7952880859375,-0.386474609375,-0.3907470703125,1507,1602470888291
-0.8046875,-0.3670654296875,-0.3995361328125,1507,1602470888298
-0.8306884765625,-0.3529052734375,-0.381103515625,1508,1602470888313
-0.9312744140625,-0.359619140625,-0.4063720703125,1508,1602470888321
-0.9476318359375,-0.392333984375,-0.4302978515625,1508,1602470888328
-0.8509521484375,-0.41796875,-0.4102783203125,1509,1602470888343
-0.84033203125,-0.4288330078125,-0.4122314453125,1509,1602470888350
-0.87548828125,-0.416259765625,-0.4127197265625,1509,1602470888365
-0.927001953125,-0.4073486328125,-0.4315185546875,1510,1602470888373
-0.9578857421875,-0.38818359375,-0.4044189453125,1510,1602470888380
-0.84619140625,-0.346923828125,-0.36962890625,1510,1602470888388
-0.7928466796875,-0.3284912109375,-0.3896484375,1511,1602470888403
-0.88232421875,-0.318115234375,-0.465576171875,1511,1602470888410
-0.876708984375,-0.320068359375,-0.470947265625,1511,1602470888418
-0.8067626953125,-0.330810546875,-0.4346923828125,1512,1602470888433
-0.7464599609375,-0.3236083984375,-0.3685302734375,1512,1602470888440
-0.886962890625,-0.304443359375,-0.3819580078125,1512,1602470888448
-1.11083984375,-0.3702392578125,-0.4185791015625,1512,1602470888463
-1.0301513671875,-0.431640625,-0.345947265625,1513,1602470888471
-0.816162109375,-0.420166015625,-0.300537109375,1513,1602470888478
-0.667236328125,-0.3701171875,-0.3614501953125,1514,1602470888501
-0.6693115234375,-0.35205078125,-0.4344482421875,1514,1602470888516
-0.7769775390625,-0.369384765625,-0.418701171875,1514,1602470888523
-0.8602294921875,-0.39306640625,-0.3671875,1515,1602470888538
-0.9620361328125,-0.4041748046875,-0.325439453125,1515,1602470888546
-1.10107421875,-0.3734130859375,-0.3236083984375,1515,1602470888553
-1.119384765625,-0.3712158203125,-0.3582763671875,1515,1602470888561
-0.89599609375,-0.3974609375,-0.3212890625,1516,1602470888568
-0.8013916015625,-0.398193359375,-0.410400390625,1516,1602470888575
-0.841064453125,-0.4066162109375,-0.3875732421875,1516,1602470888583
-0.7628173828125,-0.4000244140625,-0.302734375,1516,1602470888591
-0.8392333984375,-0.3944091796875,-0.283203125,1517,1602470888600
-0.875732421875,-0.3968505859375,-0.2579345703125,1517,1602470888613
-0.839111328125,-0.3948974609375,-0.241943359375,1517,1602470888620
-0.85888671875,-0.3992919921875,-0.2554931640625,1517,1602470888628
-0.8826904296875,-0.3929443359375,-0.2530517578125,1518,1602470888643
-0.886474609375,-0.385009765625,-0.2222900390625,1518,1602470888650
-0.8677978515625,-0.395751953125,-0.2286376953125,1518,1602470888658
-0.8116455078125,-0.3843994140625,-0.246337890625,1519,1602470888673
-0.7454833984375,-0.35205078125,-0.23388671875,1519,1602470888681
-0.7567138671875,-0.3695068359375,-0.2001953125,1519,1602470888688
-0.845458984375,-0.414306640625,-0.2091064453125,1520,1602470888703
-0.9403076171875,-0.4249267578125,-0.1998291015625,1520,1602470888711
-0.952392578125,-0.387939453125,-0.1959228515625,1520,1602470888718
-0.914306640625,-0.37353515625,-0.240966796875,1520,1602470888733
-0.8470458984375,-0.382568359375,-0.2904052734375,1521,1602470888741
-0.815673828125,-0.408935546875,-0.357666015625,1521,1602470888748
-0.76806640625,-0.43310546875,-0.416259765625,1521,1602470888763
-0.7767333984375,-0.4388427734375,-0.4208984375,1522,1602470888770
-0.841552734375,-0.432373046875,-0.3846435546875,1522,1602470888778
-0.927001953125,-0.42333984375,-0.371337890625,1522,1602470888793
-0.9906005859375,-0.416015625,-0.3521728515625,1523,1602470888800
-0.9334716796875,-0.408203125,-0.3092041015625,1523,1602470888808
-0.8277587890625,-0.3902587890625,-0.26318359375,1523,1602470888823
-0.8037109375,-0.3839111328125,-0.2607421875,1523,1602470888830
-0.83154296875,-0.3941650390625,-0.3125,1524,1602470888838
-0.861572265625,-0.41357421875,-0.3798828125,1524,1602470888853
-0.8956298828125,-0.44775390625,-0.37451171875,1524,1602470888861
-0.9302978515625,-0.4495849609375,-0.3857421875,1525,1602470888868
-0.9547119140625,-0.4085693359375,-0.3770751953125,1525,1602470888883
-0.9561767578125,-0.38427734375,-0.332763671875,1525,1602470888890
-1.028076171875,-0.400390625,-0.3118896484375,1525,1602470888898
-1.042236328125,-0.42919921875,-0.318115234375,1526,1602470888913
-0.8968505859375,-0.4520263671875,-0.33203125,1526,1602470888920
-0.7430419921875,-0.44384765625,-0.29296875,1526,1602470888928
-0.7314453125,-0.41796875,-0.26806640625,1527,1602470888943
-0.935791015625,-0.38232421875,-0.257568359375,1527,1602470888951
-1.1458740234375,-0.38671875,-0.191162109375,1527,1602470888958
-1.0986328125,-0.406005859375,-0.144775390625,1527,1602470888965
-0.9229736328125,-0.4063720703125,-0.11181640625,1528,1602470888981
-0.72998046875,-0.3797607421875,-0.068603515625,1528,1602470888988
-0.5765380859375,-0.35595703125,-0.0072021484375,1528,1602470888996
-0.609619140625,-0.357666015625,0.0465087890625,1529,1602470889010
-0.80810546875,-0.399169921875,0.04345703125,1529,1602470889018
-0.9906005859375,-0.4566650390625,-0.011962890625,1529,1602470889026
-1.039306640625,-0.47314453125,-0.006591796875,1530,1602470889041
-0.974853515625,-0.415771484375,0.0391845703125,1530,1602470889048
-0.9591064453125,-0.3353271484375,0.094970703125,1530,1602470889056
-1.0302734375,-0.3668212890625,0.0245361328125,1531,1602470889070
-0.9918212890625,-0.410888671875,-0.1671142578125,1531,1602470889078
-0.792724609375,-0.41064453125,-0.1871337890625,1531,1602470889086
-0.75439453125,-0.4410400390625,-0.1478271484375,1531,1602470889100
-0.872314453125,-0.434814453125,-0.1356201171875,1532,1602470889108
-0.9189453125,-0.4276123046875,-0.0931396484375,1532,1602470889115
-0.8946533203125,-0.4256591796875,-0.06103515625,1532,1602470889131
-0.9578857421875,-0.3919677734375,-0.05419921875,1533,1602470889138
-0.998291015625,-0.3602294921875,-0.0562744140625,1533,1602470889145
-0.933349609375,-0.37548828125,-0.0460205078125,1533,1602470889161
-0.905517578125,-0.3846435546875,-0.099853515625,1534,1602470889168
-0.9793701171875,-0.4259033203125,-0.1759033203125,1534,1602470889176
-0.8919677734375,-0.4989013671875,-0.1595458984375,1534,1602470889191
-0.7926025390625,-0.4815673828125,-0.100341796875,1534,1602470889198
-0.8753662109375,-0.39453125,-0.0528564453125,1535,1602470889206
-0.9884033203125,-0.34033203125,-0.0198974609375,1535,1602470889221
-1.05224609375,-0.3594970703125,-0.02685546875,1535,1602470889228
-1.0567626953125,-0.4122314453125,-0.036865234375,1536,1602470889235
-0.9156494140625,-0.443603515625,-0.1458740234375,1536,1602470889250
-0.8240966796875,-0.4208984375,-0.2823486328125,1536,1602470889258
-0.9033203125,-0.4234619140625,-0.2744140625,1536,1602470889265
-0.983154296875,-0.4400634765625,-0.2176513671875,1537,1602470889281
-0.974853515625,-0.4281005859375,-0.163330078125,1537,1602470889288
-1.0179443359375,-0.391357421875,-0.1407470703125,1537,1602470889296
-0.905517578125,-0.34765625,-0.0731201171875,1538,1602470889310
-0.875732421875,-0.3482666015625,-0.044921875,1538,1602470889318
-0.978759765625,-0.421875,-0.0267333984375,1538,1602470889326
-0.7330322265625,-0.4954833984375,0.104736328125,1539,1602470889340
-0.7344970703125,-0.4537353515625,0.1597900390625,1539,1602470889348
-0.91015625,-0.400390625,0.0887451171875,1539,1602470889356
-0.8902587890625,-0.4630126953125,0.0946044921875,1540,1602470889370
-0.8349609375,-0.475830078125,0.1064453125,1540,1602470889378
-0.886962890625,-0.403076171875,0.0780029296875,1540,1602470889386
-0.9378662109375,-0.3734130859375,0.010009765625,1540,1602470889401
-0.9034423828125,-0.407470703125,-0.0318603515625,1541,1602470889408
-0.8277587890625,-0.4488525390625,-0.058349609375,1541,1602470889416
-0.832763671875,-0.4395751953125,-0.0714111328125,1541,1602470889431
-0.882568359375,-0.405029296875,-0.0384521484375,1542,1602470889438
-0.8616943359375,-0.4173583984375,-0.0489501953125,1542,1602470889446
-0.8775634765625,-0.4019775390625,-0.0274658203125,1542,1602470889460
-0.96826171875,-0.3995361328125,-0.03564453125,1542,1602470889468
-0.9769287109375,-0.442626953125,-0.0439453125,1543,1602470889476
-0.9349365234375,-0.4609375,-0.044677734375,1543,1602470889491
-0.9022216796875,-0.4215087890625,-0.0908203125,1543,1602470889498
-0.8609619140625,-0.3756103515625,-0.1217041015625,1544,1602470889506
-0.8212890625,-0.3489990234375,-0.052001953125,1544,1602470889520
-0.8616943359375,-0.365234375,0.0096435546875,1544,1602470889528
-1.013671875,-0.3990478515625,-0.0074462890625,1545,1602470889535
-1.1195068359375,-0.4134521484375,-0.0289306640625,1545,1602470889551
-1.1185302734375,-0.4422607421875,-0.0322265625,1545,1602470889558
-0.986572265625,-0.4556884765625,-0.0965576171875,1545,1602470889565
-0.7974853515625,-0.3883056640625,-0.1785888671875,1546,1602470889581
-0.752197265625,-0.3682861328125,-0.1663818359375,1546,1602470889588
-0.8782958984375,-0.4493408203125,-0.16943359375,1546,1602470889596
-1.0570068359375,-0.477783203125,-0.1014404296875,1547,1602470889611
-1.0478515625,-0.4609375,0.064453125,1547,1602470889618
-0.9027099609375,-0.4268798828125,0.1414794921875,1547,1602470889626
-0.8465576171875,-0.370849609375,0.1461181640625,1548,1602470889641
-0.9261474609375,-0.3643798828125,-0.0181884765625,1548,1602470889648
-0.9246826171875,-0.46435546875,-0.2158203125,1548,1602470889656
-0.7354736328125,-0.49560546875,-0.3280029296875,1548,1602470889671
-0.71728515625,-0.4642333984375,-0.3533935546875,1549,1602470889678
-0.9190673828125,-0.4334716796875,-0.2664794921875,1549,1602470889686
-1.04345703125,-0.417236328125,-0.15478515625,1549,1602470889701
-0.956298828125,-0.40283203125,-0.114013671875,1550,1602470889708
-0.85546875,-0.4039306640625,-0.1156005859375,1550,1602470889716
-0.876953125,-0.4312744140625,-0.1697998046875,1550,1602470889731
-0.82666015625,-0.464111328125,-0.1934814453125,1550,1602470889738
-0.724853515625,-0.4462890625,-0.1341552734375,1551,1602470889746
-0.77734375,-0.4088134765625,-0.124267578125,1551,1602470889761
-0.82470703125,-0.39794921875,-0.1964111328125,1551,1602470889768
-0.843017578125,-0.3839111328125,-0.1756591796875,1552,1602470889776
-1.0244140625,-0.3345947265625,-0.1094970703125,1552,1602470889791
-1.3760986328125,-0.345947265625,-0.12841796875,1552,1602470889798
-1.170166015625,-0.4112548828125,-0.1591796875,1553,1602470889806
-0.762939453125,-0.4364013671875,-0.1883544921875,1553,1602470889821
-0.6058349609375,-0.3824462890625,-0.2869873046875,1553,1602470889828
-0.651123046875,-0.3570556640625,-0.3394775390625,1553,1602470889836
-0.7618408203125,-0.3883056640625,-0.3399658203125,1554,1602470889851
-0.936279296875,-0.446533203125,-0.35400390625,1554,1602470889858
-1.0562744140625,-0.4893798828125,-0.3350830078125,1554,1602470889866
-1.0478515625,-0.4696044921875,-0.279296875,1555,1602470889881
-0.981201171875,-0.4298095703125,-0.2666015625,1555,1602470889888
-0.9407958984375,-0.3822021484375,-0.3050537109375,1555,1602470889896
-0.929931640625,-0.3712158203125,-0.32470703125,1556,1602470889911
-0.927490234375,-0.397705078125,-0.361083984375,1556,1602470889918
-0.9364013671875,-0.4041748046875,-0.366943359375,1556,1602470889926
-0.8560791015625,-0.407958984375,-0.3037109375,1557,1602470889941
-0.77392578125,-0.3995361328125,-0.2490234375,1557,1602470889948
-0.7867431640625,-0.373779296875,-0.2255859375,1557,1602470889956
-0.8658447265625,-0.35400390625,-0.2208251953125,1557,1602470889971
-0.949951171875,-0.360595703125,-0.20849609375,1558,1602470889978
-0.9931640625,-0.383056640625,-0.20556640625,1558,1602470889986
-0.9659423828125,-0.4036865234375,-0.2235107421875,1558,1602470890001
-0.8975830078125,-0.407470703125,-0.250732421875,1559,1602470890008
-0.8568115234375,-0.3995361328125,-0.265869140625,1559,1602470890016
-0.868896484375,-0.384033203125,-0.2647705078125,1559,1602470890031
-0.9088134765625,-0.378173828125,-0.2545166015625,1559,1602470890038
-0.9329833984375,-0.3919677734375,-0.2459716796875,1560,1602470890046
-0.9178466796875,-0.407958984375,-0.2481689453125,1560,1602470890061
-0.8797607421875,-0.4097900390625,-0.2685546875,1560,1602470890068
-0.8538818359375,-0.397705078125,-0.3050537109375,1561,1602470890076
-0.847412109375,-0.39111328125,-0.2967529296875,1561,1602470890083
-0.8455810546875,-0.381591796875,-0.234619140625,1561,1602470890098
-0.8946533203125,-0.379638671875,-0.214111328125,1561,1602470890106
-0.96484375,-0.398193359375,-0.2203369140625,1562,1602470890113
-0.9368896484375,-0.417236328125,-0.2442626953125,1562,1602470890128
-0.864990234375,-0.4053955078125,-0.301513671875,1562,1602470890136
-0.8487548828125,-0.396728515625,-0.3955078125,1563,1602470890143
-0.8394775390625,-0.3966064453125,-0.2994384765625,1563,1602470890158
-0.8436279296875,-0.414794921875,-0.272705078125,1563,1602470890166
-1.011962890625,-0.427978515625,-0.27392578125,1564,1602470890173
-1.0205078125,-0.4033203125,-0.2249755859375,1564,1602470890188
-0.8818359375,-0.385009765625,-0.1964111328125,1564,1602470890196
-0.7752685546875,-0.3685302734375,-0.1741943359375,1564,1602470890203
-0.765380859375,-0.365234375,-0.1934814453125,1565,1602470890218
-0.8768310546875,-0.39404296875,-0.251953125,1565,1602470890226
-0.97802734375,-0.42724609375,-0.2578125,1565,1602470890233
-0.9886474609375,-0.4346923828125,-0.2567138671875,1566,1602470890248
-0.9486083984375,-0.4207763671875,-0.2906494140625,1566,1602470890256
-0.9134521484375,-0.4080810546875,-0.3255615234375,1566,1602470890263
-0.876708984375,-0.4029541015625,-0.31591796875,1567,1602470890278
-0.8563232421875,-0.3958740234375,-0.27490234375,1567,1602470890286
-0.8880615234375,-0.37890625,-0.23486328125,1567,1602470890293
-0.9066162109375,-0.365478515625,-0.1806640625,1568,1602470890308
-0.9002685546875,-0.3629150390625,-0.1214599609375,1568,1602470890316
-0.893310546875,-0.37841796875,-0.135986328125,1568,1602470890323
-0.8792724609375,-0.3944091796875,-0.1595458984375,1568,1602470890338
-0.8829345703125,-0.4066162109375,-0.1954345703125,1569,1602470890346
-0.894287109375,-0.4072265625,-0.24560546875,1569,1602470890353
-0.9263916015625,-0.3856201171875,-0.21044921875,1569,1602470890368
-0.9921875,-0.3887939453125,-0.163330078125,1569,1602470890376
-1.0108642578125,-0.4005126953125,-0.1251220703125,1570,1602470890383
-1.0260009765625,-0.363525390625,-0.106201171875,1570,1602470890398
-1.014404296875,-0.33837890625,-0.069580078125,1570,1602470890406
-0.95703125,-0.3466796875,0.0115966796875,1571,1602470890413
-0.9454345703125,-0.371337890625,0.049072265625,1571,1602470890428
-0.9239501953125,-0.3897705078125,0.025390625,1571,1602470890436
-0.7720947265625,-0.4158935546875,-0.01611328125,1572,1602470890443
-0.69140625,-0.404052734375,-0.0401611328125,1572,1602470890458
-0.7806396484375,-0.3875732421875,-0.017578125,1572,1602470890466
-0.889892578125,-0.372314453125,-0.031982421875,1572,1602470890473
-0.912109375,-0.3505859375,-0.0543212890625,1573,1602470890488
-0.905517578125,-0.336181640625,-0.093017578125,1573,1602470890496
-0.9134521484375,-0.36572265625,-0.15087890625,1573,1602470890503
-0.9591064453125,-0.4266357421875,-0.193115234375,1574,1602470890518
-1.00146484375,-0.46435546875,-0.181884765625,1574,1602470890526
-1.017822265625,-0.4271240234375,-0.1082763671875,1574,1602470890533
-1.0296630859375,-0.389404296875,-0.0811767578125,1575,1602470890548
-0.9893798828125,-0.374755859375,-0.1185302734375,1575,1602470890556
-0.9434814453125,-0.4000244140625,-0.1925048828125,1575,1602470890563
-0.8734130859375,-0.40869140625,-0.12646484375,1576,1602470890578
-0.7845458984375,-0.4461669921875,-0.1031494140625,1576,1602470890586
-0.8055419921875,-0.36572265625,-0.0523681640625,1576,1602470890593
-0.9873046875,-0.3243408203125,-0.0667724609375,1577,1602470890608
-1.081298828125,-0.3814697265625,-0.0911865234375,1577,1602470890616
-1.0067138671875,-0.3914794921875,-0.072265625,1577,1602470890623
-0.880859375,-0.36376953125,-0.0537109375,1577,1602470890638
-0.8662109375,-0.3475341796875,-0.056640625,1578,1602470890646
-0.899658203125,-0.35009765625,-0.0638427734375,1578,1602470890653
-0.8702392578125,-0.3946533203125,-0.091064453125,1578,1602470890668
-0.8251953125,-0.4410400390625,-0.086669921875,1579,1602470890676
-0.830322265625,-0.443603515625,-0.08935546875,1579,1602470890683
-0.8978271484375,-0.4188232421875,-0.09228515625,1579,1602470890698
-0.948974609375,-0.383056640625,-0.04150390625,1579,1602470890706
-0.9737548828125,-0.3746337890625,-0.053466796875,1580,1602470890713
-0.993408203125,-0.373046875,-0.0728759765625,1580,1602470890728
-0.97705078125,-0.37255859375,-0.078369140625,1580,1602470890736
-0.9862060546875,-0.384521484375,-0.08544921875,1581,1602470890743
-1.0045166015625,-0.388427734375,-0.110595703125,1581,1602470890758
-0.97802734375,-0.3873291015625,-0.1190185546875,1581,1602470890766
-0.89794921875,-0.3765869140625,-0.0926513671875,1581,1602470890773
-0.8736572265625,-0.3685302734375,-0.0838623046875,1582,1602470890788
-0.9144287109375,-0.38671875,-0.0850830078125,1582,1602470890796
-0.9505615234375,-0.4163818359375,-0.0758056640625,1582,1602470890803
-0.9288330078125,-0.4066162109375,-0.044677734375,1583,1602470890818
-0.8424072265625,-0.3907470703125,-0.037841796875,1583,1602470890826
-0.82177734375,-0.383544921875,-0.046142578125,1583,1602470890833
-0.868408203125,-0.3839111328125,-0.0625,1584,1602470890848
-0.8875732421875,-0.405029296875,-0.080322265625,1584,1602470890856
-0.899169921875,-0.4215087890625,-0.1632080078125,1584,1602470890863
-0.9591064453125,-0.4500732421875,-0.270263671875,1585,1602470890878
-1.0042724609375,-0.4388427734375,-0.272705078125,1585,1602470890886
-1.0091552734375,-0.39892578125,-0.19384765625,1585,1602470890893
-0.958740234375,-0.3291015625,-0.0369873046875,1586,1602470890908
-0.8873291015625,-0.2952880859375,0.0465087890625,1586,1602470890916
-0.9163818359375,-0.30224609375,0.12255859375,1586,1602470890923
-0.9598388671875,-0.3553466796875,0.16357421875,1586,1602470890938
-0.9534912109375,-0.414794921875,0.1497802734375,1587,1602470890946
-0.9190673828125,-0.4107666015625,0.100830078125,1587,1602470890953
-0.9095458984375,-0.3857421875,0.0247802734375,1587,1602470890968
-0.9451904296875,-0.3929443359375,-0.06103515625,1588,1602470890976
-0.9615478515625,-0.400146484375,-0.1190185546875,1588,1602470890983
-0.931884765625,-0.3896484375,-0.140380859375,1588,1602470890998
-0.907958984375,-0.367919921875,-0.1356201171875,1588,1602470891006
-0.921875,-0.337158203125,-0.0709228515625,1589,1602470891013
-0.9580078125,-0.3265380859375,-0.0107421875,1589,1602470891028
-0.998291015625,-0.35498046875,-0.0155029296875,1589,1602470891036
-0.9808349609375,-0.3956298828125,-0.0111083984375,1590,1602470891043
-0.8953857421875,-0.412841796875,0.0191650390625,1590,1602470891058
-0.868896484375,-0.411376953125,0.006591796875,1590,1602470891066
-0.94287109375,-0.40380859375,-0.031982421875,1590,1602470891073
-0.97705078125,-0.3983154296875,-0.051025390625,1591,1602470891088
-0.9652099609375,-0.3851318359375,-0.04931640625,1591,1602470891096
-0.9554443359375,-0.3634033203125,-0.0340576171875,1591,1602470891103
-0.936279296875,-0.3511962890625,-0.01806640625,1592,1602470891118
-0.9345703125,-0.3636474609375,-0.0203857421875,1592,1602470891126
-0.955322265625,-0.38330078125,-0.0206298828125,1592,1602470891133
-0.9541015625,-0.3907470703125,-0.023193359375,1593,1602470891148
-0.9373779296875,-0.387939453125,-0.028076171875,1593,1602470891156
-0.932373046875,-0.3829345703125,-0.01806640625,1593,1602470891163
-0.908447265625,-0.3759765625,0.0533447265625,1594,1602470891178
-0.88232421875,-0.360595703125,0.0452880859375,1594,1602470891186
-0.95703125,-0.388427734375,-0.0306396484375,1594,1602470891193
-0.9693603515625,-0.405517578125,-0.0233154296875,1594,1602470891201
-0.8931884765625,-0.3692626953125,0.052978515625,1595,1602470891216
-0.8656005859375,-0.3292236328125,0.074462890625,1595,1602470891223
-0.8919677734375,-0.3109130859375,0.0518798828125,1595,1602470891231
-0.9356689453125,-0.3372802734375,0.0133056640625,1596,1602470891246
-0.9759521484375,-0.39453125,-0.0341796875,1596,1602470891253
-0.963134765625,-0.4072265625,-0.0345458984375,1596,1602470891261
-0.9385986328125,-0.3931884765625,-0.062255859375,1597,1602470891276
-0.934814453125,-0.40673828125,-0.058349609375,1597,1602470891283
-0.8902587890625,-0.4078369140625,-0.0242919921875,1597,1602470891291
-0.8929443359375,-0.413330078125,-0.0087890625,1597,1602470891306
-0.8995361328125,-0.406005859375,-0.0009765625,1598,1602470891313
-0.8555908203125,-0.3724365234375,0.0286865234375,1598,1602470891321
-0.827392578125,-0.3543701171875,0.0400390625,1598,1602470891336
-0.8309326171875,-0.3883056640625,-0.0054931640625,1598,1602470891343
-0.8946533203125,-0.4378662109375,-0.0943603515625,1599,1602470891351
-0.980224609375,-0.4552001953125,-0.113525390625,1599,1602470891366
-0.995361328125,-0.4091796875,-0.0396728515625,1599,1602470891373
-1.0457763671875,-0.38134765625,-0.0367431640625,1600,1602470891381
-1.082275390625,-0.3695068359375,-0.04736328125,1600,1602470891396
-1.01806640625,-0.3603515625,-0.02099609375,1600,1602470891403
-0.927734375,-0.3360595703125,0.031494140625,1601,1602470891411
-0.8441162109375,-0.3065185546875,0.0777587890625,1601,1602470891426
-0.8572998046875,-0.3267822265625,0.039306640625,1601,1602470891433
-0.951171875,-0.3818359375,-0.0523681640625,1601,1602470891441
-0.99609375,-0.3975830078125,-0.0377197265625,1602,1602470891456
-0.9674072265625,-0.366455078125,0.0374755859375,1602,1602470891463
-0.9801025390625,-0.327880859375,0.068115234375,1602,1602470891471
-1.0184326171875,-0.3140869140625,0.044921875,1603,1602470891486
-1.0235595703125,-0.356689453125,0.013427734375,1603,1602470891493
-0.984619140625,-0.3931884765625,-0.0067138671875,1603,1602470891501
-0.9429931640625,-0.413818359375,-0.0462646484375,1604,1602470891516
-0.909423828125,-0.4088134765625,-0.01416015625,1604,1602470891523
-0.8875732421875,-0.367919921875,0.0218505859375,1604,1602470891531
-0.9083251953125,-0.3212890625,0.0069580078125,1605,1602470891546
-0.9764404296875,-0.3294677734375,-0.060791015625,1605,1602470891553
-0.9620361328125,-0.378173828125,-0.0670166015625,1605,1602470891561
-0.927734375,-0.4383544921875,-0.0093994140625,1605,1602470891576
-0.9061279296875,-0.4656982421875,-0.0224609375,1606,1602470891583
-0.88037109375,-0.4599609375,0.002197265625,1606,1602470891591
-0.8641357421875,-0.4560546875,0.0452880859375,1606,1602470891606
-0.8739013671875,-0.44580078125,0.014892578125,1607,1602470891613
-0.861572265625,-0.3829345703125,-0.0125732421875,1607,1602470891621
-0.856689453125,-0.3389892578125,-0.0106201171875,1607,1602470891636
-0.8858642578125,-0.3387451171875,0.0758056640625,1608,1602470891645
-0.9903564453125,-0.3875732421875,0.0655517578125,1608,1602470891651
-1.069091796875,-0.4205322265625,0.0224609375,1608,1602470891666
-0.9964599609375,-0.3966064453125,0.01611328125,1608,1602470891673
-0.9090576171875,-0.3634033203125,0.0284423828125,1609,1602470891681
-0.8621826171875,-0.3487548828125,0.0601806640625,1609,1602470891696
-0.875732421875,-0.3564453125,0.072265625,1609,1602470891703
-0.9281005859375,-0.3701171875,0.044921875,1610,1602470891711
-0.9244384765625,-0.389404296875,0.0205078125,1610,1602470891726
-0.8988037109375,-0.40576171875,0.0496826171875,1610,1602470891733
-0.91162109375,-0.4156494140625,0.105224609375,1610,1602470891741
-0.9752197265625,-0.425048828125,0.146484375,1611,1602470891756
-1.02783203125,-0.421875,0.0784912109375,1611,1602470891763
-1.029541015625,-0.4195556640625,-0.0347900390625,1611,1602470891771
-0.9617919921875,-0.4185791015625,-0.12939453125,1612,1602470891786
-0.903564453125,-0.4185791015625,-0.1280517578125,1612,1602470891793
-0.8978271484375,-0.3782958984375,0.0362548828125,1612,1602470891801
-0.96337890625,-0.3585205078125,0.1058349609375,1613,1602470891816
-0.9595947265625,-0.3841552734375,0.10888671875,1613,1602470891823
-0.832275390625,-0.4288330078125,0.14697265625,1613,1602470891831
-0.7138671875,-0.4383544921875,0.218017578125,1613,1602470891846
-0.757080078125,-0.3885498046875,0.1912841796875,1614,1602470891861
-0.9193115234375,-0.367919921875,0.0418701171875,1614,1602470891876
-1.070068359375,-0.44482421875,-0.05615234375,1615,1602470891883
-1.0902099609375,-0.52880859375,-0.064697265625,1615,1602470891891
-0.9349365234375,-0.4920654296875,-0.06005859375,1615,1602470891898
-0.8309326171875,-0.4049072265625,-0.0133056640625,1616,1602470891913
-0.876220703125,-0.37939453125,-0.027587890625,1616,1602470891921
-0.9652099609375,-0.4111328125,-0.0205078125,1616,1602470891928
-0.965087890625,-0.4173583984375,0.0518798828125,1616,1602470891936
-0.898681640625,-0.38134765625,0.1220703125,1616,1602470891943
-0.904052734375,-0.3475341796875,0.1708984375,1617,1602470891951
-0.9840087890625,-0.37060546875,0.1375732421875,1617,1602470891966
-0.9857177734375,-0.4210205078125,0.0980224609375,1617,1602470891973
-0.887939453125,-0.447509765625,0.08837890625,1618,1602470891981
-0.79052734375,-0.431884765625,0.125,1618,1602470891996
-0.760498046875,-0.402099609375,0.1651611328125,1618,1602470892003
-0.8441162109375,-0.3944091796875,0.1539306640625,1619,1602470892011
-0.9647216796875,-0.4267578125,0.1312255859375,1619,1602470892026
-0.94091796875,-0.4296875,0.1290283203125,1619,1602470892033
-0.9207763671875,-0.3826904296875,0.1534423828125,1619,1602470892041
-0.9892578125,-0.3740234375,0.048828125,1620,1602470892056
-0.964111328125,-0.4378662109375,0.05078125,1620,1602470892063
-0.852783203125,-0.441162109375,0.20556640625,1620,1602470892071
-0.8013916015625,-0.4134521484375,0.2052001953125,1621,1602470892086
-0.8377685546875,-0.4124755859375,0.2030029296875,1621,1602470892093
-0.9256591796875,-0.4197998046875,0.2010498046875,1621,1602470892101
-0.96533203125,-0.3935546875,0.1739501953125,1622,1602470892116
-0.966796875,-0.359375,0.186767578125,1622,1602470892123
-0.9462890625,-0.3643798828125,0.2203369140625,1622,1602470892131
-0.8966064453125,-0.3966064453125,0.184326171875,1622,1602470892146
-0.906982421875,-0.4578857421875,0.0941162109375,1623,1602470892153
-0.9615478515625,-0.4884033203125,0.0513916015625,1623,1602470892161
-0.9486083984375,-0.4478759765625,0.0672607421875,1623,1602470892176
-0.868408203125,-0.3768310546875,0.1865234375,1624,1602470892183
-0.87841796875,-0.3206787109375,0.2501220703125,1624,1602470892191
-0.9652099609375,-0.330810546875,0.2266845703125,1624,1602470892206
-0.941650390625,-0.3751220703125,0.2091064453125,1624,1602470892213
-0.86572265625,-0.3912353515625,0.216064453125,1625,1602470892221
-0.8387451171875,-0.3935546875,0.1929931640625,1625,1602470892236
-0.83984375,-0.4276123046875,0.2197265625,1625,1602470892243
-0.854248046875,-0.4449462890625,0.196044921875,1626,1602470892251
-0.89892578125,-0.4403076171875,0.130859375,1626,1602470892266
-0.8773193359375,-0.3599853515625,0.133544921875,1626,1602470892273
-0.9549560546875,-0.328125,-0.06884765625,1627,1602470892281
-1.01123046875,-0.3912353515625,0.038330078125,1627,1602470892288
-0.8145751953125,-0.4034423828125,0.240478515625,1627,1602470892303
-0.808837890625,-0.4036865234375,0.2454833984375,1627,1602470892311
-0.868408203125,-0.4449462890625,0.154296875,1628,1602470892318
-0.854248046875,-0.5050048828125,0.1217041015625,1628,1602470892333
-0.8753662109375,-0.468505859375,0.1522216796875,1628,1602470892341
-0.922607421875,-0.38330078125,0.1124267578125,1629,1602470892348
-1.0064697265625,-0.3560791015625,-0.0068359375,1629,1602470892363
-1.140869140625,-0.4007568359375,-0.0657958984375,1629,1602470892371
-1.13525390625,-0.4144287109375,0.115478515625,1629,1602470892378
-0.9510498046875,-0.343994140625,0.248046875,1630,1602470892393
-0.8634033203125,-0.29052734375,0.2528076171875,1630,1602470892401
-0.8975830078125,-0.31884765625,0.2423095703125,1630,1602470892408
-0.8909912109375,-0.361572265625,0.281494140625,1631,1602470892423
-0.8740234375,-0.3509521484375,0.3043212890625,1631,1602470892431
-0.9072265625,-0.324462890625,0.310791015625,1631,1602470892438
-0.9775390625,-0.3192138671875,0.27294921875,1632,1602470892453
-1.0179443359375,-0.3582763671875,0.1041259765625,1632,1602470892461
-0.9830322265625,-0.417236328125,0.07958984375,1632,1602470892468
-0.843505859375,-0.4215087890625,0.14453125,1633,1602470892483
-0.8106689453125,-0.3836669921875,0.2030029296875,1633,1602470892491
-0.906005859375,-0.345458984375,0.15478515625,1633,1602470892498
-0.95556640625,-0.3389892578125,0.09228515625,1633,1602470892513
-0.92529296875,-0.359619140625,0.0888671875,1634,1602470892521
-0.856201171875,-0.370849609375,0.202392578125,1634,1602470892528
-0.9036865234375,-0.3931884765625,0.2186279296875,1634,1602470892543
-0.9266357421875,-0.420166015625,0.1864013671875,1635,1602470892551
-0.876708984375,-0.41650390625,0.257080078125,1635,1602470892558
-0.85400390625,-0.3668212890625,0.281494140625,1635,1602470892573
-0.8529052734375,-0.325439453125,0.1556396484375,1635,1602470892581
-0.8946533203125,-0.348388671875,0.139892578125,1636,1602470892588
-0.8946533203125,-0.377197265625,0.295654296875,1636,1602470892603
-0.894287109375,-0.3492431640625,0.2891845703125,1636,1602470892611
-0.9830322265625,-0.3551025390625,0.1778564453125,1637,1602470892618
-1.02880859375,-0.4161376953125,0.096435546875,1637,1602470892633
-0.9873046875,-0.43017578125,0.0450439453125,1637,1602470892641
-0.926025390625,-0.3778076171875,0.1275634765625,1638,1602470892648
-0.905517578125,-0.304931640625,0.1907958984375,1638,1602470892663
-1.0494384765625,-0.2811279296875,0.1650390625,1638,1602470892671
-1.1224365234375,-0.309326171875,0.134521484375,1638,1602470892678
-1.0211181640625,-0.3388671875,0.1251220703125,1639,1602470892693
-0.9007568359375,-0.340087890625,0.1466064453125,1639,1602470892701
-0.8631591796875,-0.35302734375,0.1339111328125,1639,1602470892708
-0.8306884765625,-0.399169921875,0.116455078125,1640,1602470892723
-0.806884765625,-0.41796875,0.2213134765625,1640,1602470892731
-0.8560791015625,-0.373046875,0.26611328125,1640,1602470892738
-0.9964599609375,-0.3187255859375,0.1728515625,1641,1602470892753
-1.066162109375,-0.29150390625,0.0595703125,1641,1602470892761
-0.9886474609375,-0.3358154296875,-0.150146484375,1641,1602470892768
-0.891845703125,-0.4293212890625,-0.071044921875,1642,1602470892783
-0.7750244140625,-0.48388671875,0.0322265625,1642,1602470892791
-0.7734375,-0.453125,0.07470703125,1642,1602470892798
-0.73974609375,-0.36669921875,0.2303466796875,1642,1602470892813
-0.8018798828125,-0.3331298828125,0.3243408203125,1643,1602470892821
-0.901123046875,-0.318359375,0.2869873046875,1643,1602470892828
-0.9427490234375,-0.34521484375,0.05712890625,1643,1602470892843
-1.025390625,-0.4302978515625,-0.1195068359375,1644,1602470892851
-1.1396484375,-0.479736328125,-0.0140380859375,1644,1602470892858
-1.14208984375,-0.4019775390625,0.091552734375,1644,1602470892873
-1.0296630859375,-0.2882080078125,0.100830078125,1644,1602470892881
-0.93115234375,-0.2789306640625,0.06103515625,1645,1602470892896
-0.951416015625,-0.3292236328125,0.069580078125,1645,1602470892903
-0.9814453125,-0.3509521484375,0.0892333984375,1645,1602470892911
-0.9969482421875,-0.34130859375,0.1514892578125,1646,1602470892918
-0.9913330078125,-0.3162841796875,0.193115234375,1646,1602470892933
-0.9796142578125,-0.3199462890625,0.147705078125,1646,1602470892941
-0.9613037109375,-0.359130859375,0.11767578125,1646,1602470892948
-0.9156494140625,-0.3739013671875,0.098388671875,1647,1602470892963
-0.8717041015625,-0.37109375,0.0963134765625,1647,1602470892971
-0.86572265625,-0.376220703125,0.08349609375,1647,1602470892978
-0.9189453125,-0.390380859375,0.12353515625,1648,1602470892993
-0.912109375,-0.369140625,0.162841796875,1648,1602470893001
-0.9146728515625,-0.285400390625,0.13623046875,1648,1602470893008
-0.9193115234375,-0.2694091796875,-0.00537109375,1649,1602470893023
-0.885986328125,-0.3751220703125,0.065673828125,1649,1602470893031
-0.8251953125,-0.4654541015625,0.160888671875,1649,1602470893038
-0.83740234375,-0.470703125,0.122802734375,1650,1602470893053
-0.873046875,-0.39794921875,0.17626953125,1650,1602470893061
-0.8555908203125,-0.364501953125,0.10498046875,1650,1602470893068
-0.87744140625,-0.405029296875,0.0230712890625,1651,1602470893091
-1.001953125,-0.4259033203125,0.107666015625,1651,1602470893098
-1.084228515625,-0.3748779296875,0.159912109375,1651,1602470893106
-0.9808349609375,-0.2864990234375,0.1898193359375,1651,1602470893113
-0.8270263671875,-0.275634765625,0.2392578125,1652,1602470893121
-0.8106689453125,-0.3428955078125,0.2900390625,1652,1602470893128
-0.9200439453125,-0.3826904296875,0.253173828125,1652,1602470893143
-0.973388671875,-0.37353515625,0.2103271484375,1653,1602470893151
-0.93505859375,-0.3304443359375,0.20751953125,1653,1602470893158
-0.9124755859375,-0.2996826171875,0.2069091796875,1653,1602470893173
-0.9462890625,-0.3076171875,0.2191162109375,1653,1602470893181
-1.01806640625,-0.33837890625,0.2060546875,1654,1602470893188
-1.0318603515625,-0.3382568359375,0.166748046875,1654,1602470893203
-0.9207763671875,-0.3226318359375,0.171875,1654,1602470893211
-0.816162109375,-0.322265625,0.185546875,1654,1602470893218
-0.851318359375,-0.3411865234375,0.203857421875,1655,1602470893233
-0.9339599609375,-0.335205078125,0.1217041015625,1655,1602470893241
-0.9779052734375,-0.35107421875,-0.001220703125,1655,1602470893248
-1.0411376953125,-0.3914794921875,-0.1497802734375,1656,1602470893263
-1.0755615234375,-0.3720703125,0.011962890625,1656,1602470893271
-0.9193115234375,-0.26806640625,0.152587890625,1656,1602470893278
-0.8353271484375,-0.2261962890625,0.2490234375,1657,1602470893293
-0.82373046875,-0.3211669921875,0.1568603515625,1657,1602470893301
-0.9034423828125,-0.482177734375,0.1156005859375,1657,1602470893308
-1.0211181640625,-0.5174560546875,0.1888427734375,1658,1602470893323
-1.0279541015625,-0.39453125,0.1240234375,1658,1602470893331
-0.9521484375,-0.2679443359375,0.1033935546875,1658,1602470893346
-0.936767578125,-0.261474609375,0.12451171875,1659,1602470893353
-1.0013427734375,-0.3187255859375,0.103759765625,1659,1602470893361
-0.9776611328125,-0.3621826171875,0.0975341796875,1659,1602470893368
-0.927490234375,-0.369384765625,0.0816650390625,1659,1602470893376
-0.94873046875,-0.322021484375,0.099609375,1660,1602470893391
-0.95751953125,-0.29052734375,0.158935546875,1660,1602470893398
-0.9866943359375,-0.3048095703125,0.1837158203125,1660,1602470893406
-1.0260009765625,-0.32177734375,0.1485595703125,1661,1602470893421
-0.989501953125,-0.3380126953125,0.1214599609375,1661,1602470893428
-0.9459228515625,-0.3494873046875,0.100341796875,1661,1602470893436
-0.9122314453125,-0.3470458984375,0.0789794921875,1662,1602470893451
-0.8890380859375,-0.3651123046875,0.1336669921875,1662,1602470893466
-0.8758544921875,-0.373291015625,0.203125,1662,1602470893473
-0.945556640625,-0.33837890625,0.2025146484375,1662,1602470893481
-0.983154296875,-0.3018798828125,0.1378173828125,1663,1602470893488
-0.95849609375,-0.26171875,0.1146240234375,1663,1602470893496
-0.926025390625,-0.2808837890625,-0.0145263671875,1663,1602470893511
-0.91455078125,-0.400390625,-0.0584716796875,1663,1602470893518
-0.800048828125,-0.4437255859375,0.130615234375,1664,1602470893526
-0.6527099609375,-0.3978271484375,0.2926025390625,1664,1602470893541
-0.7203369140625,-0.3558349609375,0.30224609375,1664,1602470893548
-0.865234375,-0.3284912109375,0.1932373046875,1665,1602470893556
-0.9375,-0.36962890625,-0.0318603515625,1665,1602470893571
-1.0399169921875,-0.44091796875,-0.130859375,1665,1602470893578
-1.109130859375,-0.4254150390625,-0.015380859375,1665,1602470893586
-1.0614013671875,-0.3392333984375,0.066650390625,1666,1602470893601
-1.0089111328125,-0.284423828125,0.07373046875,1666,1602470893608
-1.018798828125,-0.314453125,0.0537109375,1666,1602470893616
-0.98876953125,-0.3524169921875,0.02734375,1667,1602470893631
-0.915771484375,-0.3416748046875,0.03271484375,1667,1602470893638
-0.9117431640625,-0.3353271484375,0.0643310546875,1667,1602470893646
-0.978515625,-0.3492431640625,0.087646484375,1668,1602470893661
-1.0269775390625,-0.3631591796875,0.0965576171875,1668,1602470893668
-1.011474609375,-0.3614501953125,0.0960693359375,1668,1602470893676
-0.97705078125,-0.3455810546875,0.0771484375,1669,1602470893691
-0.931396484375,-0.3363037109375,0.040283203125,1669,1602470893698
-0.9078369140625,-0.3388671875,0.0509033203125,1669,1602470893706
-0.8975830078125,-0.336181640625,0.1239013671875,1670,1602470893721
-0.8741455078125,-0.31982421875,0.1776123046875,1670,1602470893728
-0.834228515625,-0.32568359375,0.3013916015625,1670,1602470893736
-0.7989501953125,-0.3153076171875,0.2398681640625,1671,1602470893751
-0.91845703125,-0.3018798828125,0.1397705078125,1671,1602470893758
-1.0050048828125,-0.332763671875,0.1129150390625,1671,1602470893766
-1.0242919921875,-0.4044189453125,0.179931640625,1671,1602470893781
-0.9786376953125,-0.4263916015625,0.248779296875,1672,1602470893788
-0.890869140625,-0.41796875,0.2030029296875,1672,1602470893796
-0.84619140625,-0.387451171875,0.0224609375,1672,1602470893811
-0.916015625,-0.3406982421875,-0.0755615234375,1672,1602470893818
-0.9156494140625,-0.3092041015625,0.085205078125,1673,1602470893826
-0.8404541015625,-0.2965087890625,0.2679443359375,1673,1602470893841
-0.8619384765625,-0.2781982421875,0.3021240234375,1673,1602470893848
-0.939453125,-0.29931640625,0.2481689453125,1674,1602470893856
-1.0224609375,-0.342529296875,0.178466796875,1674,1602470893871
-1.0257568359375,-0.3380126953125,0.1822509765625,1674,1602470893878
-0.958251953125,-0.306396484375,0.2001953125,1674,1602470893886
-0.9908447265625,-0.2965087890625,0.1861572265625,1675,1602470893901
-1.0528564453125,-0.3140869140625,0.16552734375,1675,1602470893908
-1.0330810546875,-0.3466796875,0.1458740234375,1675,1602470893916
-0.96484375,-0.350341796875,0.1361083984375,1676,1602470893931
-0.900146484375,-0.333740234375,0.1251220703125,1676,1602470893938
-0.8870849609375,-0.337890625,0.106201171875,1676,1602470893946
-0.9232177734375,-0.3603515625,0.090087890625,1677,1602470893961
-0.9569091796875,-0.36767578125,0.1064453125,1677,1602470893968
-0.9710693359375,-0.3516845703125,0.134521484375,1677,1602470893976
-0.984130859375,-0.3311767578125,0.124267578125,1678,1602470893991
-1.0211181640625,-0.324951171875,0.0697021484375,1678,1602470893998
-0.9642333984375,-0.2918701171875,0.0616455078125,1678,1602470894006
-0.8818359375,-0.3055419921875,-0.037353515625,1679,1602470894021
-0.8177490234375,-0.36962890625,-0.04150390625,1679,1602470894028
-0.792724609375,-0.4344482421875,0.0526123046875,1679,1602470894036
-0.8746337890625,-0.446044921875,0.2457275390625,1679,1602470894051
-0.94921875,-0.4161376953125,0.2835693359375,1680,1602470894058
-0.96923828125,-0.358154296875,0.19189453125,1680,1602470894066
-0.937255859375,-0.3179931640625,0.1126708984375,1680,1602470894081
-0.960693359375,-0.3388671875,0.123779296875,1681,1602470894088
-0.9813232421875,-0.3365478515625,0.188232421875,1681,1602470894096
-0.9193115234375,-0.3043212890625,0.2149658203125,1681,1602470894111
-0.86669921875,-0.3035888671875,0.2205810546875,1682,1602470894119
-0.9090576171875,-0.345947265625,0.175537109375,1682,1602470894126
-0.9383544921875,-0.3714599609375,0.20703125,1682,1602470894141
-0.9541015625,-0.3568115234375,0.213134765625,1682,1602470894148
-0.98193359375,-0.327880859375,0.187744140625,1683,1602470894156
-0.953125,-0.321044921875,0.182373046875,1683,1602470894171
-0.927734375,-0.3402099609375,0.172119140625,1683,1602470894178
-0.9388427734375,-0.356201171875,0.1456298828125,1683,1602470894186
-0.9273681640625,-0.3699951171875,0.0963134765625,1684,1602470894201
-0.8875732421875,-0.376953125,0.0806884765625,1684,1602470894208
-0.894287109375,-0.3721923828125,0.1114501953125,1684,1602470894216
-0.9453125,-0.3372802734375,0.224365234375,1685,1602470894231
-0.9853515625,-0.304443359375,0.015380859375,1685,1602470894238
-1.026123046875,-0.3709716796875,0.0404052734375,1685,1602470894246
-0.83447265625,-0.4200439453125,0.1685791015625,1686,1602470894261
-0.8040771484375,-0.406494140625,0.1298828125,1686,1602470894268
-0.9371337890625,-0.3768310546875,0.1204833984375,1686,1602470894276
-1.0052490234375,-0.3973388671875,0.1593017578125,1687,1602470894291
-0.95458984375,-0.379150390625,0.2384033203125,1687,1602470894298
-0.87255859375,-0.323486328125,0.274169921875,1687,1602470894306
-0.902099609375,-0.294921875,0.2017822265625,1687,1602470894321
-0.9361572265625,-0.310302734375,0.1505126953125,1688,1602470894328
-0.92138671875,-0.3563232421875,0.138427734375,1688,1602470894336
-0.9268798828125,-0.3868408203125,0.13232421875,1688,1602470894351
-0.903076171875,-0.3760986328125,0.1300048828125,1689,1602470894358
-0.906982421875,-0.3768310546875,0.1331787109375,1689,1602470894366
-0.9505615234375,-0.3736572265625,0.1240234375,1689,1602470894381
-0.9547119140625,-0.35546875,0.1728515625,1690,1602470894388
-0.9427490234375,-0.3267822265625,0.2225341796875,1690,1602470894396
-0.9754638671875,-0.3157958984375,0.1982421875,1690,1602470894411
-0.976806640625,-0.333984375,0.19482421875,1690,1602470894418
-0.937255859375,-0.36181640625,0.1737060546875,1691,1602470894426
-0.9234619140625,-0.3736572265625,0.156005859375,1691,1602470894441
-0.9173583984375,-0.366943359375,0.156005859375,1691,1602470894448
-0.9295654296875,-0.360595703125,0.1246337890625,1692,1602470894456
-0.9405517578125,-0.36328125,0.1072998046875,1692,1602470894471
-0.9332275390625,-0.3731689453125,0.159912109375,1692,1602470894478
-0.8927001953125,-0.36328125,0.1390380859375,1692,1602470894486
-0.8543701171875,-0.3333740234375,0.1417236328125,1693,1602470894493
-0.8707275390625,-0.3531494140625,0.1427001953125,1693,1602470894508
-0.93896484375,-0.3878173828125,0.137451171875,1693,1602470894516
-0.9593505859375,-0.3828125,0.1614990234375,1694,1602470894523
-0.94482421875,-0.37109375,0.1842041015625,1694,1602470894538
-0.9571533203125,-0.3583984375,0.1611328125,1694,1602470894546
-0.9456787109375,-0.3531494140625,0.0819091796875,1694,1602470894553
-0.928466796875,-0.36328125,0.103515625,1695,1602470894568
-0.915283203125,-0.3529052734375,0.181884765625,1695,1602470894576
-0.89794921875,-0.318603515625,0.23583984375,1695,1602470894583
-0.87841796875,-0.3131103515625,0.2386474609375,1696,1602470894598
-0.8944091796875,-0.3616943359375,0.2078857421875,1696,1602470894606
-0.92138671875,-0.4041748046875,0.189208984375,1696,1602470894613
-0.9202880859375,-0.3984375,0.192626953125,1697,1602470894628
-0.9205322265625,-0.3568115234375,0.19580078125,1697,1602470894636
-0.920654296875,-0.323486328125,0.189208984375,1697,1602470894643
-0.920166015625,-0.3297119140625,0.1719970703125,1698,1602470894658
-0.9368896484375,-0.3480224609375,0.16455078125,1698,1602470894666
-0.95556640625,-0.3548583984375,0.176513671875,1698,1602470894673
-0.95703125,-0.3505859375,0.1971435546875,1698,1602470894688
-0.93896484375,-0.342529296875,0.217529296875,1699,1602470894696
-0.9251708984375,-0.34228515625,0.2391357421875,1699,1602470894703
-0.927978515625,-0.34521484375,0.2181396484375,1699,1602470894719
-0.9300537109375,-0.3377685546875,0.1856689453125,1700,1602470894726
-0.93603515625,-0.335693359375,0.16552734375,1700,1602470894733
-0.9339599609375,-0.344482421875,0.159912109375,1700,1602470894748
-0.93212890625,-0.3492431640625,0.16162109375,1701,1602470894756
-0.940673828125,-0.3511962890625,0.1630859375,1701,1602470894763
-0.9329833984375,-0.3509521484375,0.17236328125,1701,1602470894778
-0.9273681640625,-0.343994140625,0.192626953125,1701,1602470894786
-0.9234619140625,-0.3367919921875,0.2076416015625,1702,1602470894793
-0.91455078125,-0.3436279296875,0.1751708984375,1702,1602470894808
-0.9190673828125,-0.37060546875,0.141845703125,1702,1602470894816
-0.92041015625,-0.3966064453125,0.1341552734375,1703,1602470894826
-0.910888671875,-0.3936767578125,0.1630859375,1703,1602470894838
-0.9056396484375,-0.3565673828125,0.18994140625,1703,1602470894846
-0.9173583984375,-0.328857421875,0.2001953125,1703,1602470894853
-0.9339599609375,-0.321533203125,0.217529296875,1704,1602470894868
-0.93310546875,-0.33447265625,0.2396240234375,1704,1602470894876
-0.9344482421875,-0.345458984375,0.255126953125,1704,1602470894883
-0.93359375,-0.3485107421875,0.2471923828125,1705,1602470894898
-0.9267578125,-0.3414306640625,0.2398681640625,1705,1602470894906
-0.94384765625,-0.330810546875,0.2235107421875,1705,1602470894913
-0.967041015625,-0.3377685546875,0.1988525390625,1706,1602470894928
-0.942626953125,-0.3433837890625,0.1925048828125,1706,1602470894936
-0.901611328125,-0.3377685546875,0.1805419921875,1706,1602470894943
-0.9190673828125,-0.335693359375,0.1680908203125,1707,1602470894958
-0.957763671875,-0.3458251953125,0.165771484375,1707,1602470894966
-0.9503173828125,-0.349365234375,0.18115234375,1707,1602470894973
-0.9129638671875,-0.3453369140625,0.19140625,1707,1602470894988
-0.903076171875,-0.3533935546875,0.18896484375,1708,1602470894996
-0.891357421875,-0.359375,0.17138671875,1708,1602470895003
-0.8695068359375,-0.356689453125,0.1597900390625,1708,1602470895018
-0.8629150390625,-0.3563232421875,0.1484375,1709,1602470895026
-0.8814697265625,-0.356201171875,0.142578125,1709,1602470895033
-0.9205322265625,-0.35400390625,0.14404296875,1709,1602470895048
-0.9554443359375,-0.3494873046875,0.1202392578125,1709,1602470895056
-0.9722900390625,-0.3494873046875,0.072998046875,1710,1602470895063
-0.9935302734375,-0.363037109375,0.001708984375,1710,1602470895078
-0.9510498046875,-0.3758544921875,-0.0125732421875,1710,1602470895086
-0.908935546875,-0.373046875,0.05517578125,1711,1602470895093
-0.91650390625,-0.365966796875,0.1129150390625,1711,1602470895116
-0.9276123046875,-0.3636474609375,0.1265869140625,1712,1602470895123
-0.91845703125,-0.371337890625,0.185791015625,1712,1602470895131
-0.8994140625,-0.366455078125,0.205322265625,1712,1602470895138
-0.900390625,-0.3377685546875,0.1793212890625,1712,1602470895146
-0.905029296875,-0.3221435546875,0.1536865234375,1712,1602470895153
-0.94287109375,-0.3408203125,0.123779296875,1713,1602470895168
-0.973388671875,-0.3477783203125,0.084716796875,1713,1602470895176
-0.990966796875,-0.3446044921875,0.0640869140625,1713,1602470895183
-1.0145263671875,-0.349365234375,0.06298828125,1714,1602470895198
-1.0211181640625,-0.3380126953125,0.093017578125,1714,1602470895206
-0.976806640625,-0.33056640625,0.1190185546875,1714,1602470895213
-0.9453125,-0.3271484375,0.135009765625,1715,1602470895228
-0.94189453125,-0.315673828125,0.1650390625,1715,1602470895236
-0.9449462890625,-0.315673828125,0.195068359375,1715,1602470895243
-0.9351806640625,-0.3133544921875,0.208740234375,1715,1602470895259
-1.008544921875,-0.3143310546875,0.180419921875,1716,1602470895266
-1.1099853515625,-0.316650390625,0.13720703125,1716,1602470895274
-1.0811767578125,-0.33837890625,0.1048583984375,1716,1602470895289
-1.03369140625,-0.3814697265625,0.1016845703125,1717,1602470895296
-0.9576416015625,-0.3936767578125,0.109375,1717,1602470895304
-0.8907470703125,-0.3531494140625,0.14306640625,1717,1602470895318
-0.87939453125,-0.3248291015625,0.2098388671875,1718,1602470895326
-0.865966796875,-0.3370361328125,0.1319580078125,1718,1602470895333
-0.8831787109375,-0.344482421875,0.111572265625,1718,1602470895348
-0.927978515625,-0.339111328125,0.16455078125,1718,1602470895356
-0.9237060546875,-0.350830078125,0.1361083984375,1719,1602470895363
-0.8865966796875,-0.362060546875,0.12353515625,1719,1602470895378
-0.8734130859375,-0.3892822265625,0.1363525390625,1719,1602470895386
-0.8934326171875,-0.423095703125,0.1187744140625,1720,1602470895393
-0.9080810546875,-0.4102783203125,0.100830078125,1720,1602470895408
-0.908447265625,-0.3489990234375,0.1373291015625,1720,1602470895416
-0.868408203125,-0.3116455078125,0.139892578125,1720,1602470895423
-0.826416015625,-0.322265625,0.1572265625,1721,1602470895438
-0.812255859375,-0.35546875,0.1685791015625,1721,1602470895446
-0.826171875,-0.38037109375,0.1146240234375,1721,1602470895453
-0.8446044921875,-0.3856201171875,0.1275634765625,1722,1602470895468
-0.81689453125,-0.3702392578125,0.157958984375,1722,1602470895476
-0.8515625,-0.3251953125,0.1883544921875,1722,1602470895483
-0.9097900390625,-0.3192138671875,0.1561279296875,1723,1602470895498
-0.9241943359375,-0.3515625,0.114501953125,1723,1602470895506
-0.93994140625,-0.367431640625,0.065673828125,1723,1602470895513
-0.9312744140625,-0.3592529296875,0.0419921875,1724,1602470895528
-0.9444580078125,-0.349365234375,0.04296875,1724,1602470895536
-0.9906005859375,-0.318115234375,0.021240234375,1724,1602470895543
-1.027099609375,-0.3260498046875,0.005126953125,1724,1602470895558
-0.9862060546875,-0.3568115234375,-0.0169677734375,1725,1602470895566
-0.951904296875,-0.3741455078125,-0.045166015625,1725,1602470895573
-0.927001953125,-0.36669921875,-0.0802001953125,1725,1602470895588
-0.908935546875,-0.3426513671875,-0.1241455078125,1726,1602470895596
-0.8861083984375,-0.31298828125,-0.1275634765625,1726,1602470895603
-0.881103515625,-0.2930908203125,-0.1473388671875,1726,1602470895618
-0.93798828125,-0.334228515625,-0.197998046875,1726,1602470895626
-0.95703125,-0.3994140625,-0.220458984375,1727,1602470895633
-0.8623046875,-0.4130859375,-0.179931640625,1727,1602470895641
-0.7802734375,-0.3836669921875,-0.284423828125,1727,1602470895656
-0.8697509765625,-0.3563232421875,-0.3837890625,1728,1602470895663
-0.93017578125,-0.3404541015625,-0.3704833984375,1728,1602470895671
-0.899658203125,-0.3671875,-0.3724365234375,1728,1602470895686
-0.87158203125,-0.402099609375,-0.4161376953125,1729,1602470895693
-0.7822265625,-0.397216796875,-0.4005126953125,1729,1602470895701
-0.691650390625,-0.37890625,-0.4173583984375,1729,1602470895716
-0.6829833984375,-0.3642578125,-0.4478759765625,1729,1602470895724
-0.7099609375,-0.3590087890625,-0.48095703125,1730,1602470895731
-0.8209228515625,-0.364990234375,-0.510986328125,1730,1602470895746
-0.903564453125,-0.3681640625,-0.5350341796875,1730,1602470895753
-0.928466796875,-0.3768310546875,-0.5262451171875,1731,1602470895761
-0.8516845703125,-0.3880615234375,-0.534423828125,1731,1602470895776
-0.78076171875,-0.36767578125,-0.5811767578125,1731,1602470895783
-0.8341064453125,-0.3460693359375,-0.623779296875,1731,1602470895791
-0.8907470703125,-0.373046875,-0.6405029296875,1732,1602470895806
-0.8546142578125,-0.396240234375,-0.634521484375,1732,1602470895813
-0.807861328125,-0.3671875,-0.6142578125,1732,1602470895821
-0.8057861328125,-0.35009765625,-0.59521484375,1733,1602470895836
-0.7740478515625,-0.3668212890625,-0.6368408203125,1733,1602470895843
-0.740478515625,-0.3721923828125,-0.64453125,1733,1602470895851
-0.7188720703125,-0.35791015625,-0.6561279296875,1734,1602470895866
-0.67236328125,-0.362060546875,-0.68798828125,1734,1602470895874
-0.6649169921875,-0.3935546875,-0.7242431640625,1734,1602470895881
-0.7203369140625,-0.4342041015625,-0.7525634765625,1735,1602470895896
-0.734375,-0.4542236328125,-0.765380859375,1735,1602470895904
-0.735107421875,-0.445556640625,-0.770751953125,1735,1602470895911
-0.671875,-0.3916015625,-0.6875,1735,1602470895926
-0.658447265625,-0.3778076171875,-0.6358642578125,1736,1602470895934
-0.808349609375,-0.37548828125,-0.5057373046875,1736,1602470895941
-0.923095703125,-0.34423828125,-0.3988037109375,1736,1602470895956
-1.0325927734375,-0.359375,-0.3778076171875,1737,1602470895963
-1.050537109375,-0.4024658203125,-0.407470703125,1737,1602470895971
-0.8931884765625,-0.4056396484375,-0.451416015625,1737,1602470895986
-0.7275390625,-0.3770751953125,-0.455322265625,1737,1602470895993
-0.6319580078125,-0.3643798828125,-0.414306640625,1738,1602470896001
-0.6195068359375,-0.3861083984375,-0.41064453125,1738,1602470896016
-0.660888671875,-0.4251708984375,-0.38818359375,1738,1602470896023
-0.6573486328125,-0.43994140625,-0.3616943359375,1739,1602470896031
-0.7071533203125,-0.426025390625,-0.3990478515625,1739,1602470896046
-0.7965087890625,-0.4146728515625,-0.442138671875,1739,1602470896053
-0.8460693359375,-0.4375,-0.439208984375,1740,1602470896061
-0.8458251953125,-0.463623046875,-0.430908203125,1740,1602470896076
-0.783203125,-0.458251953125,-0.4080810546875,1740,1602470896083
-0.7274169921875,-0.4227294921875,-0.3607177734375,1740,1602470896091
-0.7164306640625,-0.3890380859375,-0.3173828125,1741,1602470896106
-0.75927734375,-0.3665771484375,-0.2708740234375,1741,1602470896113
-0.81005859375,-0.3719482421875,-0.2506103515625,1741,1602470896121
-0.8590087890625,-0.3984375,-0.29052734375,1742,1602470896136
-0.8800048828125,-0.40966796875,-0.300537109375,1742,1602470896144
-0.877197265625,-0.4158935546875,-0.3284912109375,1742,1602470896151
-0.8895263671875,-0.429931640625,-0.35009765625,1743,1602470896166
-0.8607177734375,-0.450927734375,-0.338134765625,1743,1602470896174
-0.82470703125,-0.448486328125,-0.3192138671875,1743,1602470896181
-0.8265380859375,-0.4144287109375,-0.326904296875,1744,1602470896196
-0.8468017578125,-0.3929443359375,-0.3402099609375,1744,1602470896203
-0.8695068359375,-0.4002685546875,-0.3690185546875,1744,1602470896211
-0.876708984375,-0.420654296875,-0.3873291015625,1744,1602470896226
-0.822021484375,-0.4312744140625,-0.3719482421875,1745,1602470896234
-0.8121337890625,-0.4193115234375,-0.3695068359375,1745,1602470896241
-0.8465576171875,-0.406005859375,-0.3892822265625,1745,1602470896256
-0.8502197265625,-0.4112548828125,-0.394775390625,1746,1602470896263
-0.829345703125,-0.4290771484375,-0.4034423828125,1746,1602470896271
-0.8062744140625,-0.4329833984375,-0.409912109375,1746,1602470896286
-0.790771484375,-0.427001953125,-0.39892578125,1746,1602470896294
-0.79736328125,-0.411865234375,-0.391845703125,1747,1602470896301
-0.8470458984375,-0.392578125,-0.4088134765625,1747,1602470896316
-0.894775390625,-0.403076171875,-0.43212890625,1747,1602470896323
-0.8992919921875,-0.4320068359375,-0.4244384765625,1748,1602470896331
-0.8575439453125,-0.4398193359375,-0.4168701171875,1748,1602470896346
-0.816162109375,-0.4281005859375,-0.4119873046875,1748,1602470896354
-0.77783203125,-0.41357421875,-0.41015625,1748,1602470896361
-0.7896728515625,-0.4132080078125,-0.4073486328125,1749,1602470896376
-0.8240966796875,-0.4193115234375,-0.4034423828125,1749,1602470896384
-0.7677001953125,-0.4239501953125,-0.4283447265625,1749,1602470896391
-0.724853515625,-0.416748046875,-0.455078125,1750,1602470896406
-0.7611083984375,-0.4193115234375,-0.4610595703125,1750,1602470896414
-0.8052978515625,-0.444580078125,-0.443115234375,1750,1602470896421
-0.8046875,-0.4556884765625,-0.3853759765625,1751,1602470896436
-0.8397216796875,-0.431884765625,-0.3355712890625,1751,1602470896444
-0.83837890625,-0.4083251953125,-0.33447265625,1751,1602470896451
-0.8626708984375,-0.4034423828125,-0.39111328125,1752,1602470896466
-0.91064453125,-0.43017578125,-0.4049072265625,1752,1602470896474
-0.9150390625,-0.4593505859375,-0.399169921875,1752,1602470896481
-0.8641357421875,-0.447021484375,-0.39306640625,1753,1602470896496
-0.709716796875,-0.4541015625,-0.4337158203125,1753,1602470896503
-0.606689453125,-0.446044921875,-0.5062255859375,1753,1602470896511
-0.699951171875,-0.404296875,-0.5111083984375,1753,1602470896526
-0.8436279296875,-0.3974609375,-0.4736328125,1754,1602470896533
-0.884033203125,-0.4276123046875,-0.433349609375,1754,1602470896541
-0.8341064453125,-0.4478759765625,-0.3905029296875,1754,1602470896556
-0.7642822265625,-0.4500732421875,-0.386962890625,1755,1602470896563
-0.8048095703125,-0.421875,-0.406005859375,1755,1602470896571
-0.8272705078125,-0.4381103515625,-0.431396484375,1755,1602470896586
-0.783935546875,-0.458740234375,-0.44677734375,1755,1602470896594
-0.7413330078125,-0.4478759765625,-0.454345703125,1756,1602470896601
-0.715087890625,-0.4072265625,-0.4454345703125,1756,1602470896616
-0.767333984375,-0.397216796875,-0.4534912109375,1756,1602470896623
-0.88330078125,-0.425537109375,-0.4500732421875,1757,1602470896631
-0.93505859375,-0.4654541015625,-0.4456787109375,1757,1602470896646
-0.8592529296875,-0.467041015625,-0.4552001953125,1757,1602470896653
-0.73388671875,-0.43603515625,-0.4422607421875,1757,1602470896661
-0.66650390625,-0.4013671875,-0.414794921875,1758,1602470896676
-0.7103271484375,-0.3740234375,-0.408447265625,1758,1602470896683
-0.8045654296875,-0.3736572265625,-0.4486083984375,1758,1602470896691
-0.8363037109375,-0.41162109375,-0.483642578125,1759,1602470896706
-0.8330078125,-0.4376220703125,-0.485595703125,1759,1602470896713
-0.800048828125,-0.4283447265625,-0.482177734375,1759,1602470896721
-0.728271484375,-0.4183349609375,-0.453125,1760,1602470896736
-0.777099609375,-0.442626953125,-0.4478759765625,1760,1602470896744
-0.8563232421875,-0.4552001953125,-0.442138671875,1760,1602470896751
-0.8280029296875,-0.433349609375,-0.435791015625,1761,1602470896766
-0.7587890625,-0.408447265625,-0.4669189453125,1761,1602470896774
-0.7294921875,-0.4127197265625,-0.4852294921875,1761,1602470896781
-0.759521484375,-0.4306640625,-0.4610595703125,1761,1602470896789
-0.8023681640625,-0.4429931640625,-0.464111328125,1762,1602470896804
-0.8267822265625,-0.4251708984375,-0.4698486328125,1762,1602470896811
-0.8355712890625,-0.3880615234375,-0.471435546875,1762,1602470896819
-0.8262939453125,-0.3570556640625,-0.4534912109375,1763,1602470896834
-0.8572998046875,-0.37744140625,-0.458984375,1763,1602470896841
-0.8966064453125,-0.432373046875,-0.4945068359375,1763,1602470896849
-0.8624267578125,-0.4521484375,-0.4891357421875,1764,1602470896863
-0.7608642578125,-0.4315185546875,-0.4520263671875,1764,1602470896871
-0.7193603515625,-0.4183349609375,-0.4454345703125,1764,1602470896879
-0.78857421875,-0.43359375,-0.4720458984375,1764,1602470896894
-0.842041015625,-0.439697265625,-0.4840087890625,1765,1602470896901
-0.8406982421875,-0.429443359375,-0.50732421875,1765,1602470896909
-0.8182373046875,-0.4117431640625,-0.502685546875,1765,1602470896923
-0.7965087890625,-0.406982421875,-0.4342041015625,1766,1602470896931
-0.8153076171875,-0.4151611328125,-0.3848876953125,1766,1602470896938
-0.877685546875,-0.440185546875,-0.3804931640625,1766,1602470896954
-0.9208984375,-0.450439453125,-0.3839111328125,1766,1602470896961
-0.9134521484375,-0.4427490234375,-0.3878173828125,1767,1602470896969
-0.85205078125,-0.4134521484375,-0.3826904296875,1767,1602470896984
-0.8118896484375,-0.370849609375,-0.367431640625,1767,1602470896991
-0.7674560546875,-0.3770751953125,-0.403076171875,1767,1602470896999
-0.7354736328125,-0.4395751953125,-0.4547119140625,1768,1602470897014
-0.7767333984375,-0.4886474609375,-0.4625244140625,1768,1602470897021
-0.8460693359375,-0.470947265625,-0.4549560546875,1768,1602470897029
-0.8968505859375,-0.414306640625,-0.4156494140625,1769,1602470897044
-0.9345703125,-0.3577880859375,-0.29833984375,1769,1602470897051
-0.9849853515625,-0.344970703125,-0.300537109375,1769,1602470897059
-0.9715576171875,-0.4462890625,-0.27880859375,1770,1602470897074
-0.744384765625,-0.5181884765625,-0.24169921875,1770,1602470897081
-0.6065673828125,-0.4693603515625,-0.235107421875,1770,1602470897089
-0.6824951171875,-0.391357421875,-0.196533203125,1771,1602470897104
-0.8280029296875,-0.37158203125,-0.1741943359375,1771,1602470897111
-0.9105224609375,-0.408203125,-0.155029296875,1771,1602470897119
-0.8740234375,-0.4508056640625,-0.1484375,1772,1602470897134
-0.76806640625,-0.446533203125,-0.1724853515625,1772,1602470897141
-0.767578125,-0.4146728515625,-0.22119140625,1772,1602470897149
-0.8116455078125,-0.414794921875,-0.2515869140625,1772,1602470897164
-0.7847900390625,-0.4599609375,-0.2869873046875,1773,1602470897171
-0.7938232421875,-0.4713134765625,-0.3592529296875,1773,1602470897179
-0.843994140625,-0.4493408203125,-0.3197021484375,1773,1602470897194
-0.897705078125,-0.452392578125,-0.3096923828125,1774,1602470897201
-0.9285888671875,-0.4613037109375,-0.301513671875,1774,1602470897209
-0.865966796875,-0.4490966796875,-0.3173828125,1774,1602470897223
-0.814208984375,-0.43798828125,-0.32275390625,1775,1602470897231
-0.824951171875,-0.398193359375,-0.254150390625,1775,1602470897238
-0.880615234375,-0.37109375,-0.1925048828125,1775,1602470897254
-0.9146728515625,-0.380126953125,-0.237060546875,1775,1602470897261
-0.923095703125,-0.4190673828125,-0.3465576171875,1776,1602470897269
-0.869140625,-0.4547119140625,-0.39013671875,1776,1602470897284
-0.84033203125,-0.4549560546875,-0.3505859375,1776,1602470897291
-0.87158203125,-0.419921875,-0.2965087890625,1776,1602470897298
-0.9459228515625,-0.3707275390625,-0.2559814453125,1777,1602470897314
-1.052978515625,-0.3466796875,-0.3135986328125,1777,1602470897321
-1.0865478515625,-0.3963623046875,-0.3525390625,1777,1602470897329
-0.9368896484375,-0.4578857421875,-0.2896728515625,1778,1602470897343
-0.8275146484375,-0.4658203125,-0.312744140625,1778,1602470897351
-0.8768310546875,-0.42724609375,-0.3670654296875,1778,1602470897359
-0.9173583984375,-0.399658203125,-0.3829345703125,1779,1602470897374
-0.9454345703125,-0.4222412109375,-0.3677978515625,1779,1602470897381
-0.966796875,-0.425537109375,-0.3546142578125,1779,1602470897389
-0.97802734375,-0.3857421875,-0.32666015625,1780,1602470897404
-0.95068359375,-0.373046875,-0.266357421875,1780,1602470897411
-0.896240234375,-0.3953857421875,-0.2353515625,1780,1602470897419
-0.835205078125,-0.427001953125,-0.2403564453125,1781,1602470897434
-0.7730712890625,-0.4437255859375,-0.2203369140625,1781,1602470897441
-0.76318359375,-0.4471435546875,-0.2130126953125,1781,1602470897456
-0.8094482421875,-0.4620361328125,-0.235107421875,1781,1602470897464
-0.8507080078125,-0.462890625,-0.235107421875,1782,1602470897471
-0.868408203125,-0.44970703125,-0.2183837890625,1782,1602470897479
-0.8734130859375,-0.429443359375,-0.227783203125,1782,1602470897494
-0.869140625,-0.4130859375,-0.2178955078125,1783,1602470897501
-0.860595703125,-0.4117431640625,-0.18798828125,1783,1602470897509
-0.8638916015625,-0.4215087890625,-0.17919921875,1783,1602470897524
-0.8983154296875,-0.4339599609375,-0.2005615234375,1783,1602470897531
-0.9090576171875,-0.4453125,-0.2357177734375,1784,1602470897539
-0.8433837890625,-0.4505615234375,-0.2259521484375,1784,1602470897554
-0.785888671875,-0.4395751953125,-0.1729736328125,1784,1602470897561
-0.80224609375,-0.418212890625,-0.1256103515625,1785,1602470897569
-0.8785400390625,-0.3934326171875,-0.100341796875,1785,1602470897584
-0.967041015625,-0.3985595703125,-0.0982666015625,1785,1602470897591
-1.0001220703125,-0.42578125,-0.1124267578125,1785,1602470897599
-0.9825439453125,-0.4451904296875,-0.1373291015625,1786,1602470897614
-0.9544677734375,-0.4405517578125,-0.155517578125,1786,1602470897621
-0.9283447265625,-0.436279296875,-0.157958984375,1786,1602470897629
-0.9088134765625,-0.435791015625,-0.1556396484375,1787,1602470897644
-0.86181640625,-0.4327392578125,-0.1649169921875,1787,1602470897651
-0.7738037109375,-0.4263916015625,-0.147705078125,1787,1602470897659
-0.7705078125,-0.404052734375,-0.103759765625,1788,1602470897673
-0.8607177734375,-0.3863525390625,-0.07470703125,1788,1602470897681
-0.95068359375,-0.397705078125,-0.0364990234375,1788,1602470897689
-0.9930419921875,-0.4200439453125,-0.0240478515625,1789,1602470897703
-0.997314453125,-0.431396484375,-0.0299072265625,1789,1602470897711
-0.9652099609375,-0.428955078125,-0.060546875,1789,1602470897718
-0.9078369140625,-0.4365234375,-0.1063232421875,1789,1602470897734
-0.8902587890625,-0.4312744140625,-0.1214599609375,1790,1602470897741
-0.920654296875,-0.412841796875,-0.0914306640625,1790,1602470897748
-0.9639892578125,-0.4083251953125,-0.07568359375,1790,1602470897764
-0.9942626953125,-0.404296875,-0.0465087890625,1791,1602470897771
-0.950927734375,-0.40869140625,-0.02099609375,1791,1602470897779
-0.885009765625,-0.41552734375,-0.0064697265625,1791,1602470897794
-0.86328125,-0.421875,0.00732421875,1792,1602470897801
-0.8824462890625,-0.415283203125,0.04736328125,1792,1602470897809
-0.92333984375,-0.3863525390625,0.052490234375,1792,1602470897824
-0.9622802734375,-0.38916015625,0.0045166015625,1792,1602470897831
-0.919677734375,-0.4227294921875,-0.048583984375,1793,1602470897839
-0.830322265625,-0.44775390625,-0.0697021484375,1793,1602470897854
-0.817138671875,-0.445068359375,-0.0792236328125,1793,1602470897861
-0.9307861328125,-0.42626953125,-0.0831298828125,1794,1602470897869
-1.01220703125,-0.404052734375,-0.0126953125,1794,1602470897883
-1.019287109375,-0.4053955078125,0.0306396484375,1794,1602470897891
-1.0201416015625,-0.4033203125,0.02978515625,1794,1602470897898
-0.9683837890625,-0.3963623046875,0.0526123046875,1795,1602470897914
-0.9078369140625,-0.392333984375,0.0916748046875,1795,1602470897921
-0.841064453125,-0.4072265625,0.114501953125,1795,1602470897929
-0.8436279296875,-0.4354248046875,0.0865478515625,1796,1602470897936
-0.849365234375,-0.4522705078125,0.0401611328125,1796,1602470897951
-0.83349609375,-0.44921875,0.006103515625,1796,1602470897959
-0.856201171875,-0.41650390625,-0.035888671875,1796,1602470897966
-0.9249267578125,-0.4013671875,-0.09814453125,1797,1602470897981
-1.0234375,-0.411865234375,-0.1009521484375,1797,1602470897989
-1.0509033203125,-0.413818359375,0.0408935546875,1797,1602470897996
-0.982421875,-0.395751953125,0.102294921875,1798,1602470898011
-0.9866943359375,-0.380615234375,0.046630859375,1798,1602470898019
-1.0482177734375,-0.3785400390625,0.10546875,1798,1602470898026
-0.9591064453125,-0.4346923828125,0.161376953125,1799,1602470898041
-0.8551025390625,-0.46337890625,0.149658203125,1799,1602470898049
-0.8695068359375,-0.411865234375,0.1842041015625,1799,1602470898056
-0.8701171875,-0.4017333984375,0.2374267578125,1800,1602470898071
-0.828369140625,-0.4312744140625,0.21875,1800,1602470898079
-0.83642578125,-0.4320068359375,0.044921875,1800,1602470898086
-0.8780517578125,-0.41015625,0.016357421875,1800,1602470898101
-0.85595703125,-0.43408203125,0.026611328125,1801,1602470898109
-0.853271484375,-0.44970703125,0.00732421875,1801,1602470898116
-0.95654296875,-0.415771484375,0.1025390625,1801,1602470898131
-1.060302734375,-0.4334716796875,0.1109619140625,1802,1602470898139
-1.0572509765625,-0.4400634765625,0.1607666015625,1802,1602470898146
-0.972412109375,-0.4078369140625,0.208740234375,1802,1602470898161
-0.863525390625,-0.356689453125,0.2852783203125,1803,1602470898169
-0.7734375,-0.3367919921875,0.367919921875,1803,1602470898176
-0.784423828125,-0.3446044921875,0.36572265625,1803,1602470898191
-0.8699951171875,-0.3819580078125,0.3211669921875,1803,1602470898199
-0.8927001953125,-0.4354248046875,0.29736328125,1804,1602470898206
-0.8603515625,-0.4388427734375,0.2894287109375,1804,1602470898221
-0.8377685546875,-0.41357421875,0.267333984375,1804,1602470898229
-0.8607177734375,-0.40966796875,0.2369384765625,1805,1602470898236
-0.924072265625,-0.437744140625,0.2213134765625,1805,1602470898251
-0.941162109375,-0.425537109375,0.2327880859375,1805,1602470898259
-0.8931884765625,-0.3968505859375,0.21484375,1805,1602470898266
-0.86474609375,-0.3626708984375,0.3037109375,1806,1602470898281
-0.857177734375,-0.3447265625,0.38427734375,1806,1602470898289
-0.8704833984375,-0.3531494140625,0.4578857421875,1806,1602470898296
-0.860595703125,-0.39990234375,0.4837646484375,1807,1602470898311
-0.841796875,-0.444091796875,0.515625,1807,1602470898319
-0.8551025390625,-0.4222412109375,0.5179443359375,1807,1602470898326
-0.8330078125,-0.3582763671875,0.48486328125,1808,1602470898341
-0.8289794921875,-0.343017578125,0.4769287109375,1808,1602470898349
-0.8184814453125,-0.388671875,0.471923828125,1808,1602470898356
-0.799560546875,-0.4339599609375,0.430908203125,1809,1602470898372
-0.79833984375,-0.43603515625,0.3892822265625,1809,1602470898379
-0.770263671875,-0.390869140625,0.4134521484375,1809,1602470898386
-0.74560546875,-0.35009765625,0.4771728515625,1809,1602470898401
-0.7789306640625,-0.3209228515625,0.439697265625,1810,1602470898409
-0.838134765625,-0.344482421875,0.3804931640625,1810,1602470898416
-0.854248046875,-0.4102783203125,0.33447265625,1810,1602470898431
-0.8536376953125,-0.4820556640625,0.31396484375,1811,1602470898439
-0.8367919921875,-0.5030517578125,0.2840576171875,1811,1602470898446
-0.767578125,-0.4796142578125,0.25732421875,1811,1602470898461
-0.7000732421875,-0.4317626953125,0.241943359375,1811,1602470898469
-0.7232666015625,-0.3883056640625,0.220703125,1812,1602470898476
-0.80810546875,-0.3892822265625,0.1864013671875,1812,1602470898491
-0.9342041015625,-0.4415283203125,0.1185302734375,1812,1602470898499
-1.0482177734375,-0.4991455078125,0.0518798828125,1813,1602470898506
-1.060302734375,-0.5252685546875,0.00927734375,1813,1602470898521
-0.9677734375,-0.4993896484375,0.0074462890625,1813,1602470898529
-0.8397216796875,-0.4410400390625,0.0296630859375,1814,1602470898536
-0.7733154296875,-0.391357421875,0.0809326171875,1814,1602470898551
-0.8094482421875,-0.38037109375,0.1558837890625,1814,1602470898559
-0.856689453125,-0.4105224609375,0.177001953125,1814,1602470898566
-0.914794921875,-0.458740234375,0.1197509765625,1815,1602470898581
-0.9840087890625,-0.508056640625,0.0435791015625,1815,1602470898589
-0.9620361328125,-0.51953125,0.0118408203125,1815,1602470898596
-0.9091796875,-0.50537109375,-0.0008544921875,1816,1602470898611
-0.9351806640625,-0.4833984375,-0.085693359375,1816,1602470898619
-1.010498046875,-0.4674072265625,-0.123291015625,1816,1602470898626
-0.97412109375,-0.4493408203125,-0.0509033203125,1817,1602470898641
-0.9154052734375,-0.4376220703125,-0.0120849609375,1817,1602470898649
-0.964111328125,-0.42431640625,0.0015869140625,1817,1602470898656
-1.0054931640625,-0.416748046875,0.029296875,1818,1602470898671
-0.9703369140625,-0.4361572265625,0.069091796875,1818,1602470898679
-0.9014892578125,-0.447021484375,0.091552734375,1818,1602470898686
-0.87353515625,-0.440185546875,0.0919189453125,1818,1602470898701
-0.9283447265625,-0.439208984375,0.093017578125,1819,1602470898709
-0.872314453125,-0.4344482421875,0.0762939453125,1819,1602470898716
-0.8087158203125,-0.425537109375,0.05810546875,1819,1602470898731
-0.849609375,-0.419677734375,0.031982421875,1820,1602470898740
-0.91064453125,-0.43505859375,0.0274658203125,1820,1602470898746
-0.9234619140625,-0.4512939453125,0.049072265625,1820,1602470898761
-0.9180908203125,-0.4542236328125,0.064697265625,1820,1602470898769
-0.93994140625,-0.4365234375,0.048828125,1821,1602470898776
-0.9830322265625,-0.43017578125,0.0830078125,1821,1602470898791
-0.94140625,-0.4378662109375,0.1422119140625,1821,1602470898799
-0.8690185546875,-0.4573974609375,0.1165771484375,1822,1602470898806
-0.843994140625,-0.4373779296875,0.1092529296875,1822,1602470898821
-0.818115234375,-0.4046630859375,0.1337890625,1822,1602470898829
-0.832763671875,-0.395751953125,0.1976318359375,1822,1602470898836
-0.861083984375,-0.39111328125,0.230712890625,1823,1602470898851
-0.9302978515625,-0.4285888671875,0.1766357421875,1823,1602470898859
-1.018310546875,-0.4661865234375,0.1259765625,1823,1602470898866
-0.9996337890625,-0.486328125,0.0865478515625,1824,1602470898881
-0.9254150390625,-0.4725341796875,0.0655517578125,1824,1602470898889
-0.878173828125,-0.4276123046875,0.0447998046875,1824,1602470898896
-0.8785400390625,-0.4034423828125,0.0086669921875,1825,1602470898911
-0.8885498046875,-0.425537109375,-0.009521484375,1825,1602470898919
-0.877197265625,-0.442138671875,0.0379638671875,1825,1602470898926
-0.8740234375,-0.4287109375,0.0858154296875,1826,1602470898941
-0.9075927734375,-0.422119140625,0.1339111328125,1826,1602470898949
-0.942138671875,-0.4267578125,0.129150390625,1826,1602470898956
-0.948486328125,-0.4375,0.1876220703125,1826,1602470898971
-0.9246826171875,-0.43603515625,0.216064453125,1827,1602470898979
-0.9139404296875,-0.42919921875,0.2247314453125,1827,1602470898986
-0.899658203125,-0.42236328125,0.2093505859375,1827,1602470899001
-0.8662109375,-0.426025390625,0.1722412109375,1828,1602470899009
-0.843994140625,-0.4163818359375,0.116943359375,1828,1602470899016
-0.860107421875,-0.3975830078125,0.0931396484375,1828,1602470899031
-0.899658203125,-0.414794921875,0.0654296875,1828,1602470899039
-0.941650390625,-0.4461669921875,0.068359375,1829,1602470899046
-0.939453125,-0.45703125,0.0989990234375,1829,1602470899061
-0.915283203125,-0.447998046875,0.1546630859375,1829,1602470899069
-0.90673828125,-0.420654296875,0.1915283203125,1830,1602470899076
-0.9361572265625,-0.40283203125,0.1978759765625,1830,1602470899084
-0.9468994140625,-0.376953125,0.25732421875,1830,1602470899099
-0.8638916015625,-0.38232421875,0.2733154296875,1830,1602470899106
-0.797119140625,-0.4156494140625,0.2618408203125,1831,1602470899114
-0.7716064453125,-0.406982421875,0.2628173828125,1831,1602470899129
-0.8177490234375,-0.4266357421875,0.2257080078125,1831,1602470899136
-0.95458984375,-0.4293212890625,0.236083984375,1832,1602470899144
-1.0023193359375,-0.4112548828125,0.226806640625,1832,1602470899159
-0.9725341796875,-0.4102783203125,0.2301025390625,1832,1602470899166
-0.9339599609375,-0.41748046875,0.241943359375,1833,1602470899174
-0.931640625,-0.4359130859375,0.204345703125,1833,1602470899189
-0.979736328125,-0.461181640625,0.1387939453125,1833,1602470899196
-0.96728515625,-0.4576416015625,0.132568359375,1833,1602470899204
-0.9276123046875,-0.410888671875,0.1834716796875,1834,1602470899219
-0.9217529296875,-0.36279296875,0.2135009765625,1834,1602470899226
-0.9508056640625,-0.3546142578125,0.2314453125,1834,1602470899234
-0.94677734375,-0.3656005859375,0.250732421875,1835,1602470899249
-0.9564208984375,-0.3878173828125,0.26123046875,1835,1602470899256
-0.9610595703125,-0.39013671875,0.242431640625,1835,1602470899264
-0.920166015625,-0.408935546875,0.1837158203125,1836,1602470899279
-0.8907470703125,-0.4088134765625,0.306640625,1836,1602470899286
-0.8236083984375,-0.36865234375,0.375244140625,1836,1602470899294
-0.7723388671875,-0.347412109375,0.35888671875,1837,1602470899309
-0.7647705078125,-0.3946533203125,0.3551025390625,1837,1602470899316
-0.7755126953125,-0.454833984375,0.3663330078125,1837,1602470899324
-0.81005859375,-0.4674072265625,0.3612060546875,1838,1602470899339
-0.8175048828125,-0.466552734375,0.3157958984375,1838,1602470899346
-0.8175048828125,-0.483154296875,0.2713623046875,1838,1602470899354
-0.8245849609375,-0.46875,0.236328125,1838,1602470899369
-0.824951171875,-0.430908203125,0.1875,1838,1602470899376
-0.841064453125,-0.4169921875,0.139892578125,1839,1602470899384
-0.8797607421875,-0.435302734375,0.1014404296875,1839,1602470899399
-0.9012451171875,-0.44873046875,0.1016845703125,1839,1602470899406
-0.89208984375,-0.4617919921875,0.11767578125,1840,1602470899414
-0.8841552734375,-0.469970703125,0.1497802734375,1840,1602470899429
-0.88037109375,-0.4552001953125,0.1671142578125,1840,1602470899436
-0.893310546875,-0.438232421875,0.1904296875,1841,1602470899444
-0.922607421875,-0.441162109375,0.2064208984375,1841,1602470899459
-0.9420166015625,-0.441650390625,0.2181396484375,1841,1602470899466
-0.9345703125,-0.4296875,0.2540283203125,1841,1602470899474
-0.9222412109375,-0.4080810546875,0.2784423828125,1842,1602470899489
-0.912841796875,-0.4005126953125,0.2813720703125,1842,1602470899496
-0.8985595703125,-0.4144287109375,0.3212890625,1842,1602470899504
-0.8707275390625,-0.4176025390625,0.3314208984375,1843,1602470899519
-0.8895263671875,-0.4239501953125,0.3165283203125,1843,1602470899526
-0.900390625,-0.4508056640625,0.3211669921875,1843,1602470899534
-0.853271484375,-0.4503173828125,0.314453125,1844,1602470899549
-0.81982421875,-0.4405517578125,0.3101806640625,1844,1602470899556
-0.8216552734375,-0.438232421875,0.324951171875,1844,1602470899564
-0.82861328125,-0.4400634765625,0.3348388671875,1845,1602470899579
-0.826171875,-0.43603515625,0.3079833984375,1845,1602470899586
-0.816162109375,-0.4261474609375,0.3489990234375,1845,1602470899594
-0.8087158203125,-0.400146484375,0.335693359375,1846,1602470899609
-0.86767578125,-0.3948974609375,0.2694091796875,1846,1602470899616
-0.894775390625,-0.4324951171875,0.2591552734375,1846,1602470899624
-0.868408203125,-0.4599609375,0.307861328125,1846,1602470899639
-0.847412109375,-0.447509765625,0.3099365234375,1847,1602470899646
-0.8299560546875,-0.419189453125,0.31982421875,1847,1602470899654
-0.7666015625,-0.4019775390625,0.379150390625,1847,1602470899669
-0.741943359375,-0.3892822265625,0.376953125,1848,1602470899676
-0.8079833984375,-0.4154052734375,0.34228515625,1848,1602470899684
-0.8436279296875,-0.4342041015625,0.35888671875,1848,1602470899699
-0.82666015625,-0.4171142578125,0.3558349609375,1848,1602470899706
-0.8419189453125,-0.40771484375,0.3546142578125,1849,1602470899714
-0.86962890625,-0.407470703125,0.34130859375,1849,1602470899729
-0.8848876953125,-0.4058837890625,0.3602294921875,1849,1602470899736
-0.8857421875,-0.4027099609375,0.360595703125,1850,1602470899744
-0.9107666015625,-0.4190673828125,0.3114013671875,1850,1602470899759
-0.94970703125,-0.4384765625,0.240478515625,1850,1602470899766
-0.96142578125,-0.44287109375,0.20361328125,1850,1602470899774
-0.9393310546875,-0.4312744140625,0.183349609375,1851,1602470899789
-0.943115234375,-0.4197998046875,0.187255859375,1851,1602470899796
-0.978759765625,-0.408203125,0.1812744140625,1851,1602470899804
-1.028564453125,-0.412109375,0.2296142578125,1852,1602470899819
-1.0106201171875,-0.4085693359375,0.2734375,1852,1602470899826
-0.8900146484375,-0.3839111328125,0.3101806640625,1852,1602470899834
-0.7413330078125,-0.360107421875,0.3707275390625,1853,1602470899849
-0.6719970703125,-0.361083984375,0.457275390625,1853,1602470899856
-0.7171630859375,-0.37158203125,0.468017578125,1853,1602470899864
-0.7938232421875,-0.4139404296875,0.4205322265625,1854,1602470899879
-0.8468017578125,-0.4576416015625,0.3687744140625,1854,1602470899886
-0.847900390625,-0.4586181640625,0.3551025390625,1854,1602470899894
-0.8592529296875,-0.4146728515625,0.322998046875,1855,1602470899909
-0.90771484375,-0.3831787109375,0.27294921875,1855,1602470899916
-0.9097900390625,-0.3863525390625,0.2535400390625,1855,1602470899924
-0.8670654296875,-0.4036865234375,0.240234375,1855,1602470899939
-0.8302001953125,-0.4154052734375,0.2479248046875,1856,1602470899946
-0.79931640625,-0.3961181640625,0.29736328125,1856,1602470899954
-0.840087890625,-0.389892578125,0.271728515625,1856,1602470899969
-0.9273681640625,-0.4208984375,0.2520751953125,1857,1602470899979
-0.9388427734375,-0.443359375,0.2730712890625,1857,1602470899984
-0.893798828125,-0.4249267578125,0.3271484375,1857,1602470899999
-0.8525390625,-0.37255859375,0.39794921875,1857,1602470900006
-0.8062744140625,-0.3468017578125,0.4410400390625,1858,1602470900014
-0.7939453125,-0.3536376953125,0.431640625,1858,1602470900029
-0.815673828125,-0.3758544921875,0.4119873046875,1858,1602470900036
-0.862060546875,-0.4044189453125,0.3609619140625,1859,1602470900044
-0.909912109375,-0.41796875,0.3121337890625,1859,1602470900059
-0.9346923828125,-0.429443359375,0.2803955078125,1859,1602470900066
-0.937255859375,-0.42529296875,0.25732421875,1859,1602470900074
-0.952392578125,-0.413818359375,0.21435546875,1860,1602470900089
-0.9666748046875,-0.39794921875,0.2169189453125,1860,1602470900096
-0.93359375,-0.37939453125,0.2193603515625,1860,1602470900104
-0.8740234375,-0.3724365234375,0.3017578125,1861,1602470900119
-0.844970703125,-0.362548828125,0.339111328125,1861,1602470900126
-0.876953125,-0.37158203125,0.338623046875,1861,1602470900134
-0.8817138671875,-0.38818359375,0.36083984375,1862,1602470900149
-0.861083984375,-0.3883056640625,0.374267578125,1862,1602470900156
-0.845458984375,-0.3916015625,0.362060546875,1862,1602470900164
-0.8502197265625,-0.4036865234375,0.3466796875,1863,1602470900179
-0.847900390625,-0.40087890625,0.3304443359375,1863,1602470900186
-0.852783203125,-0.3992919921875,0.31494140625,1863,1602470900194
-0.8665771484375,-0.3956298828125,0.283447265625,1863,1602470900201
-0.8701171875,-0.3924560546875,0.2529296875,1864,1602470900216
-0.8631591796875,-0.3963623046875,0.250732421875,1864,1602470900224
-0.8739013671875,-0.3917236328125,0.26611328125,1864,1602470900231
-0.8770751953125,-0.377685546875,0.317626953125,1865,1602470900246
-0.872314453125,-0.374267578125,0.3585205078125,1865,1602470900254
-0.888916015625,-0.3809814453125,0.373046875,1865,1602470900261
-0.8668212890625,-0.3939208984375,0.36376953125,1866,1602470900276
-0.7947998046875,-0.395263671875,0.341796875,1866,1602470900284
-0.793212890625,-0.4049072265625,0.29931640625,1866,1602470900299
-0.8558349609375,-0.37646484375,0.357666015625,1866,1602470900306
-0.910400390625,-0.3314208984375,0.400634765625,1867,1602470900314
-0.98046875,-0.3226318359375,0.364013671875,1867,1602470900321
-0.9931640625,-0.3651123046875,0.2955322265625,1867,1602470900336
-0.933349609375,-0.4176025390625,0.276611328125,1868,1602470900344
-0.873779296875,-0.4244384765625,0.2652587890625,1868,1602470900351
-0.8966064453125,-0.4010009765625,0.24462890625,1868,1602470900366
-0.943603515625,-0.383056640625,0.2705078125,1868,1602470900374
-0.90771484375,-0.388671875,0.2928466796875,1869,1602470900381
-0.8741455078125,-0.3883056640625,0.2908935546875,1869,1602470900396
-0.8408203125,-0.3709716796875,0.3131103515625,1869,1602470900404
-0.7733154296875,-0.366943359375,0.3143310546875,1870,1602470900411
-0.7603759765625,-0.38525390625,0.3095703125,1870,1602470900426
-0.815185546875,-0.4110107421875,0.273193359375,1870,1602470900434
-0.932861328125,-0.460205078125,0.1787109375,1870,1602470900441
-1.022705078125,-0.48388671875,0.0860595703125,1871,1602470900456
-0.970947265625,-0.4442138671875,0.1104736328125,1871,1602470900464
-0.87109375,-0.3841552734375,0.11669921875,1871,1602470900471
-0.8587646484375,-0.3262939453125,0.171875,1872,1602470900486
-0.860107421875,-0.332763671875,0.234375,1872,1602470900494
-0.87548828125,-0.39208984375,0.2474365234375,1872,1602470900501
-0.8685302734375,-0.4095458984375,0.251220703125,1873,1602470900516
-0.849853515625,-0.411865234375,0.264892578125,1873,1602470900524
-0.876220703125,-0.413330078125,0.259765625,1873,1602470900531
-0.919921875,-0.4122314453125,0.2235107421875,1874,1602470900546
-0.9449462890625,-0.4132080078125,0.1884765625,1874,1602470900554
-0.9267578125,-0.394775390625,0.1695556640625,1874,1602470900561
-0.8848876953125,-0.3477783203125,0.2171630859375,1874,1602470900576
-0.867919921875,-0.319580078125,0.2159423828125,1875,1602470900584
-0.9102783203125,-0.337158203125,0.2484130859375,1875,1602470900591
-0.925048828125,-0.3369140625,0.329345703125,1875,1602470900606
-0.913818359375,-0.3494873046875,0.223388671875,1876,1602470900614
-0.943115234375,-0.4014892578125,0.216552734375,1876,1602470900621
-0.9051513671875,-0.4053955078125,0.23681640625,1876,1602470900636
-0.9019775390625,-0.3995361328125,0.200439453125,1877,1602470900644
-0.949951171875,-0.3702392578125,0.1953125,1877,1602470900651
-0.9288330078125,-0.341796875,0.2181396484375,1877,1602470900666
-0.9425048828125,-0.3382568359375,0.1734619140625,1877,1602470900674
-1.005615234375,-0.3624267578125,0.163330078125,1878,1602470900681
-0.97802734375,-0.3656005859375,0.188232421875,1878,1602470900696
-0.9400634765625,-0.3602294921875,0.152587890625,1878,1602470900704
-0.9888916015625,-0.351806640625,0.134765625,1879,1602470900711
-0.978759765625,-0.367919921875,0.093994140625,1879,1602470900726
-0.944580078125,-0.4176025390625,0.0662841796875,1879,1602470900734
-0.863037109375,-0.409912109375,0.1011962890625,1879,1602470900741
-0.8533935546875,-0.385986328125,0.15478515625,1880,1602470900756
-0.941162109375,-0.3568115234375,0.150634765625,1880,1602470900764
-0.933837890625,-0.334716796875,0.205078125,1880,1602470900771
-0.85546875,-0.3221435546875,0.2315673828125,1881,1602470900786
-0.8675537109375,-0.347412109375,0.1771240234375,1881,1602470900794
-0.8895263671875,-0.3782958984375,0.09619140625,1881,1602470900801
-0.8973388671875,-0.4033203125,0.0726318359375,1882,1602470900816
-0.918212890625,-0.397705078125,0.114013671875,1882,1602470900824
-0.9744873046875,-0.39990234375,0.0760498046875,1882,1602470900831
-1.061279296875,-0.420654296875,0.0111083984375,1882,1602470900846
-1.0465087890625,-0.4256591796875,0.0301513671875,1883,1602470900854
-0.9613037109375,-0.3946533203125,0.083984375,1883,1602470900861
-0.9600830078125,-0.356201171875,0.080810546875,1883,1602470900876
-0.992919921875,-0.34033203125,0.05517578125,1884,1602470900884
-0.99169921875,-0.3638916015625,0.05078125,1884,1602470900891
-0.9705810546875,-0.39306640625,0.05419921875,1884,1602470900906
-0.92919921875,-0.3836669921875,0.082763671875,1885,1602470900914
-0.9056396484375,-0.3629150390625,0.1060791015625,1885,1602470900921
-0.9295654296875,-0.3551025390625,0.1099853515625,1885,1602470900936
-0.916015625,-0.352783203125,0.1143798828125,1885,1602470900944
-0.8837890625,-0.3646240234375,0.1505126953125,1886,1602470900951
-0.8359375,-0.3629150390625,0.175537109375,1886,1602470900966
-0.8165283203125,-0.364990234375,0.2081298828125,1886,1602470900974
-0.8681640625,-0.3643798828125,0.2119140625,1887,1602470900981
-0.9127197265625,-0.3765869140625,0.1800537109375,1887,1602470900996
-0.8857421875,-0.397216796875,0.1588134765625,1887,1602470901004
-0.877197265625,-0.4058837890625,0.130126953125,1888,1602470901011
-0.9141845703125,-0.3934326171875,0.125,1888,1602470901026
-0.9503173828125,-0.3446044921875,0.1663818359375,1888,1602470901034
-0.979248046875,-0.339599609375,0.1124267578125,1888,1602470901041
-1.01513671875,-0.3897705078125,0.0909423828125,1889,1602470901056
-0.9307861328125,-0.3782958984375,0.2408447265625,1889,1602470901064
-0.78466796875,-0.3258056640625,0.322509765625,1889,1602470901071
-0.804931640625,-0.3004150390625,0.3447265625,1890,1602470901086
-0.8804931640625,-0.3570556640625,0.2779541015625,1890,1602470901094
-0.915771484375,-0.4427490234375,0.224609375,1890,1602470901101
-0.932373046875,-0.4639892578125,0.2208251953125,1891,1602470901116
-0.9609375,-0.4063720703125,0.203125,1891,1602470901124
-0.994873046875,-0.340087890625,0.118408203125,1891,1602470901131
-1.0179443359375,-0.3443603515625,0.0665283203125,1891,1602470901146
-0.997314453125,-0.4005126953125,0.041748046875,1892,1602470901154
-0.9879150390625,-0.42626953125,0.0028076171875,1892,1602470901161
-0.967041015625,-0.384521484375,0.04833984375,1892,1602470901176
-0.897705078125,-0.3284912109375,0.1729736328125,1893,1602470901184
-0.9090576171875,-0.294921875,0.2276611328125,1893,1602470901199
-0.9793701171875,-0.3006591796875,0.2322998046875,1893,1602470901206
-0.9681396484375,-0.3460693359375,0.2025146484375,1893,1602470901214
-0.9285888671875,-0.3792724609375,0.1572265625,1894,1602470901221
-0.9134521484375,-0.38134765625,0.134765625,1894,1602470901236
-0.8951416015625,-0.3863525390625,0.110595703125,1894,1602470901244
-0.900146484375,-0.401611328125,0.1009521484375,1895,1602470901251
-0.9315185546875,-0.4072265625,0.0711669921875,1895,1602470901266
-0.973876953125,-0.3687744140625,0.0716552734375,1895,1602470901274
-0.9449462890625,-0.3074951171875,0.0623779296875,1895,1602470901281
-0.8963623046875,-0.35205078125,0.0576171875,1896,1602470901296
-0.82861328125,-0.43603515625,0.1678466796875,1896,1602470901304
-0.773681640625,-0.4635009765625,0.1943359375,1896,1602470901311
-0.8702392578125,-0.4351806640625,0.12939453125,1897,1602470901326
-0.9378662109375,-0.4171142578125,0.0565185546875,1897,1602470901334
-0.90234375,-0.4144287109375,0.04248046875,1897,1602470901341
-0.8197021484375,-0.373046875,0.0654296875,1898,1602470901349
-0.816162109375,-0.355224609375,0.0860595703125,1898,1602470901364
-0.9927978515625,-0.3818359375,0.0521240234375,1898,1602470901371
-1.19091796875,-0.4002685546875,0.05419921875,1899,1602470901379
-1.1326904296875,-0.4056396484375,-0.0003662109375,1899,1602470901394
-0.9532470703125,-0.4755859375,-0.0054931640625,1899,1602470901401
-0.751220703125,-0.48583984375,0.113037109375,1899,1602470901409
-0.6875,-0.39990234375,0.1959228515625,1900,1602470901424
-0.907958984375,-0.3004150390625,0.1639404296875,1900,1602470901431
-1.074462890625,-0.2916259765625,0.1226806640625,1900,1602470901439
-1.0081787109375,-0.3572998046875,0.138671875,1901,1602470901454
-0.9119873046875,-0.3934326171875,0.149658203125,1901,1602470901461
-0.9202880859375,-0.3780517578125,0.127685546875,1901,1602470901469
-0.8724365234375,-0.370361328125,0.14697265625,1901,1602470901484
-0.853759765625,-0.381103515625,0.206298828125,1902,1602470901491
-0.9163818359375,-0.3975830078125,0.1629638671875,1902,1602470901499
-0.9615478515625,-0.41552734375,0.1072998046875,1902,1602470901514
-0.91552734375,-0.4285888671875,0.0826416015625,1903,1602470901521
-0.86767578125,-0.4105224609375,0.0745849609375,1903,1602470901529
-0.8876953125,-0.353271484375,0.0382080078125,1903,1602470901544
-0.951171875,-0.333251953125,0.0194091796875,1904,1602470901551
-0.9534912109375,-0.3934326171875,0.02099609375,1904,1602470901559
-0.87646484375,-0.4268798828125,0.0927734375,1904,1602470901574
-0.8509521484375,-0.4000244140625,0.16796875,1904,1602470901581
-0.8822021484375,-0.3978271484375,0.1551513671875,1905,1602470901589
-0.8690185546875,-0.396240234375,0.15771484375,1905,1602470901604
-0.858154296875,-0.380859375,0.17578125,1905,1602470901611
-0.9439697265625,-0.353271484375,0.205078125,1906,1602470901619
-1.069091796875,-0.3677978515625,0.131591796875,1906,1602470901634
-1.0614013671875,-0.410400390625,0.0872802734375,1906,1602470901641
-0.9908447265625,-0.4091796875,0.1051025390625,1907,1602470901649
-0.8961181640625,-0.35888671875,0.1390380859375,1907,1602470901664
-0.892578125,-0.32666015625,0.12890625,1907,1602470901671
-0.98974609375,-0.3424072265625,0.0911865234375,1907,1602470901679
-1.0487060546875,-0.34912109375,0.0869140625,1908,1602470901694
-1.034423828125,-0.3436279296875,0.112060546875,1908,1602470901701
-1.0078125,-0.355712890625,0.103759765625,1908,1602470901709
-0.9381103515625,-0.3712158203125,0.1063232421875,1909,1602470901724
-0.8564453125,-0.380126953125,0.112060546875,1909,1602470901731
-0.8328857421875,-0.3740234375,0.132080078125,1909,1602470901739
-0.819091796875,-0.3636474609375,0.1358642578125,1910,1602470901754
-0.8408203125,-0.3699951171875,0.1314697265625,1910,1602470901761
-0.919677734375,-0.388916015625,0.1070556640625,1910,1602470901769
-0.9718017578125,-0.424072265625,0.052001953125,1911,1602470901784
-0.96923828125,-0.4095458984375,0.0516357421875,1911,1602470901791
-0.96826171875,-0.345458984375,0.0062255859375,1911,1602470901799
-1.0059814453125,-0.3314208984375,-0.0406494140625,1911,1602470901814
-0.8895263671875,-0.375,0.05078125,1912,1602470901821
-0.7552490234375,-0.4306640625,0.0950927734375,1912,1602470901829
-0.77294921875,-0.3865966796875,0.0648193359375,1912,1602470901844
-0.8929443359375,-0.3734130859375,0.0377197265625,1913,1602470901851
-0.919677734375,-0.4066162109375,0.0374755859375,1913,1602470901859
-0.9144287109375,-0.43310546875,0.01806640625,1913,1602470901874
-0.9754638671875,-0.4111328125,-0.0733642578125,1913,1602470901881
-1.0,-0.4061279296875,-0.15234375,1914,1602470901889
-0.9683837890625,-0.4398193359375,-0.1876220703125,1914,1602470901904
-0.9462890625,-0.4388427734375,-0.1771240234375,1914,1602470901911
-0.9544677734375,-0.35595703125,-0.1241455078125,1915,1602470901919
-0.9564208984375,-0.325927734375,-0.122314453125,1915,1602470901934
-0.984130859375,-0.36669921875,-0.121337890625,1915,1602470901941
-0.97314453125,-0.3966064453125,-0.08203125,1915,1602470901949
-0.95849609375,-0.40380859375,-0.082275390625,1916,1602470901964
-0.9482421875,-0.386474609375,-0.0855712890625,1916,1602470901971
-0.919677734375,-0.3785400390625,-0.07275390625,1916,1602470901979
-0.8853759765625,-0.3907470703125,-0.0692138671875,1917,1602470901994
-0.8955078125,-0.413330078125,-0.126220703125,1917,1602470902001
-0.9359130859375,-0.435791015625,-0.15625,1917,1602470902009
-0.9434814453125,-0.3961181640625,-0.0860595703125,1918,1602470902024
-1.0224609375,-0.3701171875,-0.1373291015625,1918,1602470902031
-1.0533447265625,-0.35205078125,-0.1422119140625,1918,1602470902039
-0.962158203125,-0.3626708984375,-0.126953125,1919,1602470902054
-0.8851318359375,-0.402587890625,-0.2158203125,1919,1602470902061
-0.784423828125,-0.398681640625,-0.1378173828125,1919,1602470902077
-0.7701416015625,-0.385498046875,-0.0172119140625,1920,1602470902084
-0.8709716796875,-0.4033203125,-0.02392578125,1920,1602470902091
-0.9248046875,-0.4482421875,-0.148193359375,1920,1602470902099
-0.972412109375,-0.47705078125,-0.158935546875,1920,1602470902114
-0.946533203125,-0.4547119140625,-0.0733642578125,1921,1602470902121
-0.8701171875,-0.392822265625,-0.1318359375,1921,1602470902129
-0.85595703125,-0.375244140625,-0.2176513671875,1921,1602470902144
-0.89501953125,-0.4503173828125,-0.29248046875,1922,1602470902151
-0.9310302734375,-0.4951171875,-0.32666015625,1922,1602470902159
-0.897216796875,-0.4852294921875,-0.2364501953125,1922,1602470902174
-0.9290771484375,-0.4293212890625,-0.172119140625,1922,1602470902181
-0.9256591796875,-0.3328857421875,-0.10009765625,1923,1602470902189
-0.9251708984375,-0.326171875,-0.082275390625,1923,1602470902204
-0.9349365234375,-0.3609619140625,-0.0911865234375,1923,1602470902211
-0.9161376953125,-0.3935546875,-0.1014404296875,1924,1602470902221
-0.9217529296875,-0.402587890625,-0.0980224609375,1924,1602470902234
-0.905029296875,-0.3988037109375,-0.073974609375,1924,1602470902242
-0.8753662109375,-0.42236328125,-0.0899658203125,1924,1602470902249
-0.8446044921875,-0.44970703125,-0.157470703125,1925,1602470902264
-0.8629150390625,-0.439453125,-0.1055908203125,1925,1602470902271
-0.9310302734375,-0.37646484375,-0.09033203125,1925,1602470902279
-0.941650390625,-0.323486328125,-0.1273193359375,1926,1602470902294
-0.9786376953125,-0.383056640625,-0.141845703125,1926,1602470902301
-0.981201171875,-0.478271484375,-0.1787109375,1926,1602470902309
-0.9461669921875,-0.504150390625,-0.0614013671875,1927,1602470902324
-0.835693359375,-0.439453125,0.064697265625,1927,1602470902331
-0.7645263671875,-0.3660888671875,0.05078125,1927,1602470902339
-0.761962890625,-0.352294921875,0.056396484375,1928,1602470902354
-0.8505859375,-0.3828125,0.0123291015625,1928,1602470902361
-0.9534912109375,-0.3824462890625,0.047607421875,1928,1602470902369
-0.9205322265625,-0.3582763671875,0.096923828125,1929,1602470902384
-0.8935546875,-0.355224609375,0.01220703125,1929,1602470902391
-0.988525390625,-0.41064453125,-0.088134765625,1929,1602470902399
-0.9827880859375,-0.4989013671875,-0.1019287109375,1929,1602470902414
-0.8824462890625,-0.50048828125,-0.106689453125,1930,1602470902421
-0.8238525390625,-0.3900146484375,-0.13037109375,1930,1602470902429
-0.894287109375,-0.3052978515625,-0.1365966796875,1930,1602470902444
-0.9820556640625,-0.3204345703125,-0.1732177734375,1931,1602470902451
-1.064697265625,-0.3873291015625,-0.184326171875,1931,1602470902459
-1.1104736328125,-0.4232177734375,-0.1607666015625,1931,1602470902474
-1.10107421875,-0.3997802734375,-0.13671875,1931,1602470902481
-1.0576171875,-0.3714599609375,-0.115234375,1932,1602470902489
-0.969970703125,-0.3712158203125,-0.083740234375,1932,1602470902496
-0.858154296875,-0.3956298828125,-0.04736328125,1932,1602470902511
-0.8140869140625,-0.40087890625,-0.036865234375,1933,1602470902519
-0.8148193359375,-0.384765625,-0.051513671875,1933,1602470902526
-0.8424072265625,-0.3818359375,-0.063232421875,1933,1602470902541
-0.90380859375,-0.398193359375,-0.0762939453125,1933,1602470902549
-0.9676513671875,-0.41357421875,-0.0838623046875,1934,1602470902556
-0.997802734375,-0.42041015625,-0.0965576171875,1934,1602470902571
-1.0140380859375,-0.40771484375,-0.15185546875,1934,1602470902579
-1.0474853515625,-0.3834228515625,-0.14208984375,1934,1602470902586
-0.949462890625,-0.3624267578125,0.0096435546875,1935,1602470902601
-0.8311767578125,-0.3924560546875,-0.0159912109375,1935,1602470902609
-0.8331298828125,-0.396484375,0.00439453125,1935,1602470902616
-0.772216796875,-0.3818359375,0.0767822265625,1936,1602470902631
-0.8843994140625,-0.42041015625,-0.0240478515625,1936,1602470902639
-1.005615234375,-0.4515380859375,-0.14404296875,1936,1602470902646
-0.956787109375,-0.485595703125,-0.16162109375,1937,1602470902661
-0.9716796875,-0.4805908203125,-0.189208984375,1937,1602470902669
-1.0133056640625,-0.4088134765625,-0.1715087890625,1937,1602470902676
-1.055419921875,-0.34912109375,-0.132568359375,1938,1602470902691
-1.027587890625,-0.33447265625,-0.10205078125,1938,1602470902699
-0.9423828125,-0.349609375,-0.0814208984375,1938,1602470902707
-0.884033203125,-0.3934326171875,-0.05126953125,1939,1602470902721
-0.8248291015625,-0.4180908203125,-0.0145263671875,1939,1602470902729
-0.8411865234375,-0.423583984375,0.0460205078125,1939,1602470902736
-0.91259765625,-0.4334716796875,0.08251953125,1940,1602470902751
-0.9552001953125,-0.4329833984375,0.0743408203125,1940,1602470902759
-0.954833984375,-0.454833984375,0.0369873046875,1940,1602470902766
-0.9039306640625,-0.4818115234375,-0.01611328125,1940,1602470902781
-0.8328857421875,-0.4671630859375,-0.02783203125,1941,1602470902789
-0.7979736328125,-0.4189453125,-0.0125732421875,1941,1602470902796
-0.91259765625,-0.3875732421875,0.0333251953125,1941,1602470902811
-0.9937744140625,-0.3779296875,0.136962890625,1942,1602470902819
-1.01416015625,-0.4085693359375,0.186279296875,1942,1602470902826
-1.0257568359375,-0.4505615234375,0.1873779296875,1942,1602470902842
-0.9576416015625,-0.45849609375,0.234619140625,1942,1602470902849
-0.8548583984375,-0.456298828125,0.263916015625,1943,1602470902856
-0.833740234375,-0.4442138671875,0.25341796875,1943,1602470902871
-0.8248291015625,-0.421875,0.2410888671875,1943,1602470902879
-0.7626953125,-0.403564453125,0.2203369140625,1943,1602470902886
-0.7608642578125,-0.377197265625,0.20361328125,1944,1602470902901
-0.8775634765625,-0.410888671875,0.1556396484375,1944,1602470902909
-1.0079345703125,-0.5018310546875,0.176513671875,1944,1602470902917
-1.0325927734375,-0.56640625,0.2960205078125,1945,1602470902931
-0.9287109375,-0.5323486328125,0.33984375,1945,1602470902939
-0.815673828125,-0.437255859375,0.3101806640625,1945,1602470902946
-0.7296142578125,-0.4302978515625,0.297607421875,1946,1602470902961
-0.6929931640625,-0.4541015625,0.3372802734375,1946,1602470902969
-0.755615234375,-0.4295654296875,0.3675537109375,1946,1602470902976
-0.6885986328125,-0.42138671875,0.4664306640625,1947,1602470902991
-0.614013671875,-0.4002685546875,0.505126953125,1947,1602470902999
-0.7164306640625,-0.3583984375,0.47265625,1947,1602470903007
-0.7960205078125,-0.4058837890625,0.399658203125,1948,1602470903021
-0.8009033203125,-0.50537109375,0.393798828125,1948,1602470903029
-0.7667236328125,-0.5211181640625,0.3837890625,1948,1602470903036
-0.7362060546875,-0.4886474609375,0.38134765625,1948,1602470903051
-0.74951171875,-0.4671630859375,0.398681640625,1949,1602470903059
-0.87255859375,-0.442138671875,0.35595703125,1949,1602470903067
-0.8856201171875,-0.4400634765625,0.3525390625,1949,1602470903082
-0.783203125,-0.4449462890625,0.3377685546875,1950,1602470903089
-0.7847900390625,-0.4327392578125,0.336669921875,1950,1602470903097
-0.8514404296875,-0.4151611328125,0.2955322265625,1950,1602470903112
-0.9376220703125,-0.4222412109375,0.30224609375,1950,1602470903119
-0.9605712890625,-0.4677734375,0.287109375,1951,1602470903126
-0.9547119140625,-0.5035400390625,0.2254638671875,1951,1602470903141
-0.994873046875,-0.486083984375,0.16552734375,1951,1602470903149
-0.9459228515625,-0.4765625,0.16162109375,1952,1602470903156
-0.8564453125,-0.4560546875,0.167724609375,1952,1602470903172
-0.791259765625,-0.4268798828125,0.1937255859375,1952,1602470903179
-0.73583984375,-0.415283203125,0.3037109375,1952,1602470903186
-0.823974609375,-0.3338623046875,0.3162841796875,1953,1602470903201
-0.7781982421875,-0.4017333984375,0.29296875,1953,1602470903209
-0.7401123046875,-0.58203125,0.211181640625,1953,1602470903216
-0.90771484375,-0.5799560546875,0.1453857421875,1954,1602470903231
-0.938232421875,-0.51611328125,0.091796875,1954,1602470903239
-0.953369140625,-0.521240234375,-0.0386962890625,1954,1602470903247
-1.001708984375,-0.520751953125,-0.073974609375,1955,1602470903262
-1.0003662109375,-0.466796875,0.0294189453125,1955,1602470903269
-1.0078125,-0.40380859375,0.117919921875,1955,1602470903277
-0.976318359375,-0.3780517578125,0.1922607421875,1956,1602470903292
-0.853515625,-0.376953125,0.254150390625,1956,1602470903299
-0.8555908203125,-0.4166259765625,0.2122802734375,1956,1602470903307
-0.9447021484375,-0.49462890625,0.1463623046875,1956,1602470903321
-0.946533203125,-0.5206298828125,0.13427734375,1957,1602470903329
-0.9168701171875,-0.469482421875,0.1502685546875,1957,1602470903336
-0.9022216796875,-0.4315185546875,0.12646484375,1957,1602470903351
-0.8948974609375,-0.446533203125,0.0955810546875,1958,1602470903359
-0.8873291015625,-0.4444580078125,0.115966796875,1958,1602470903366
-0.8714599609375,-0.448486328125,0.1507568359375,1958,1602470903381
-0.838623046875,-0.4591064453125,0.203369140625,1959,1602470903389
-0.822265625,-0.4315185546875,0.2415771484375,1959,1602470903396
-0.8465576171875,-0.3939208984375,0.2247314453125,1959,1602470903411
-0.9508056640625,-0.4000244140625,0.13623046875,1959,1602470903419
-0.8909912109375,-0.505859375,0.12939453125,1960,1602470903426
-0.7847900390625,-0.503662109375,0.21435546875,1960,1602470903442
-0.7353515625,-0.443359375,0.155517578125,1960,1602470903449
-0.7691650390625,-0.47802734375,0.0411376953125,1961,1602470903457
-0.8070068359375,-0.52587890625,0.110595703125,1961,1602470903472
-0.895263671875,-0.4798583984375,0.159423828125,1961,1602470903479
-1.0279541015625,-0.427490234375,0.07373046875,1961,1602470903487
-1.057373046875,-0.4842529296875,0.068359375,1962,1602470903502
-1.0806884765625,-0.5108642578125,0.1845703125,1962,1602470903509
-1.1826171875,-0.4459228515625,0.1993408203125,1962,1602470903517
-1.0977783203125,-0.365478515625,0.2059326171875,1963,1602470903531
-0.9425048828125,-0.361083984375,0.15380859375,1963,1602470903539
-0.848876953125,-0.42041015625,0.1171875,1963,1602470903546
-0.85107421875,-0.468994140625,0.0303955078125,1964,1602470903561
-0.842529296875,-0.4859619140625,0.0155029296875,1964,1602470903569
-0.781005859375,-0.49072265625,0.04931640625,1964,1602470903576
-0.8338623046875,-0.46484375,0.062255859375,1965,1602470903591
-0.8665771484375,-0.445556640625,0.09765625,1965,1602470903599
-0.881591796875,-0.457275390625,0.134033203125,1965,1602470903606
-0.92041015625,-0.4727783203125,0.12451171875,1965,1602470903622
-0.89990234375,-0.4864501953125,0.09765625,1966,1602470903629
-0.8834228515625,-0.4969482421875,0.09814453125,1966,1602470903636
-0.92041015625,-0.498779296875,0.1309814453125,1966,1602470903644
-0.841796875,-0.4837646484375,0.19091796875,1967,1602470903659
-0.724853515625,-0.4217529296875,0.1942138671875,1967,1602470903667
-0.6724853515625,-0.38671875,0.1392822265625,1967,1602470903674
-0.708984375,-0.42529296875,0.1973876953125,1967,1602470903689
-0.7879638671875,-0.531005859375,0.150634765625,1968,1602470903697
-0.9940185546875,-0.5201416015625,0.1312255859375,1968,1602470903704
-0.9859619140625,-0.4227294921875,0.212646484375,1968,1602470903719
-0.9327392578125,-0.419677734375,0.1402587890625,1969,1602470903727
-0.9754638671875,-0.4901123046875,0.0728759765625,1969,1602470903734
-0.9827880859375,-0.518310546875,0.09619140625,1969,1602470903749
-0.92919921875,-0.456787109375,0.1788330078125,1970,1602470903756
-0.8212890625,-0.407958984375,0.209228515625,1970,1602470903764
-0.689453125,-0.3819580078125,0.30126953125,1970,1602470903779
-0.75,-0.3773193359375,0.28515625,1970,1602470903786
-0.925048828125,-0.4136962890625,0.22900390625,1971,1602470903794
-0.968017578125,-0.464599609375,0.2042236328125,1971,1602470903809
-0.9102783203125,-0.481201171875,0.203369140625,1971,1602470903817
-0.87255859375,-0.44482421875,0.1920166015625,1972,1602470903824
-0.95751953125,-0.4093017578125,0.1912841796875,1972,1602470903839
-1.0322265625,-0.4283447265625,0.143310546875,1972,1602470903846
-0.992919921875,-0.466552734375,0.07177734375,1972,1602470903854
-0.9840087890625,-0.466552734375,0.0645751953125,1973,1602470903877
-0.9918212890625,-0.420654296875,0.0980224609375,1973,1602470903884
-0.9814453125,-0.385009765625,0.1134033203125,1974,1602470903892
-0.9609375,-0.3819580078125,0.12109375,1974,1602470903899
-0.8642578125,-0.4046630859375,0.1927490234375,1974,1602470903907
-0.848876953125,-0.3941650390625,0.205078125,1974,1602470903914
-0.964599609375,-0.4002685546875,0.1810302734375,1975,1602470903929
-0.9781494140625,-0.43115234375,0.1849365234375,1975,1602470903937
-0.8892822265625,-0.4443359375,0.1536865234375,1975,1602470903944
-0.826171875,-0.4268798828125,0.137451171875,1976,1602470903959
-0.8077392578125,-0.43896484375,-0.0528564453125,1976,1602470903967
-0.8450927734375,-0.4886474609375,-0.144287109375,1976,1602470903974
-0.7952880859375,-0.4879150390625,0.05078125,1976,1602470903989
-0.7667236328125,-0.3939208984375,0.2027587890625,1977,1602470903996
-0.8052978515625,-0.3271484375,0.2479248046875,1977,1602470904004
-0.8214111328125,-0.36328125,0.2734375,1977,1602470904019
-0.83642578125,-0.45556640625,0.304443359375,1978,1602470904026
-0.8448486328125,-0.4957275390625,0.2802734375,1978,1602470904034
-0.884521484375,-0.4193115234375,0.2498779296875,1978,1602470904049
-0.8741455078125,-0.369384765625,0.2197265625,1978,1602470904056
-0.8319091796875,-0.37158203125,0.1964111328125,1979,1602470904064
-0.83251953125,-0.3648681640625,0.1617431640625,1979,1602470904079
-0.88818359375,-0.3656005859375,0.095458984375,1979,1602470904087
-1.0029296875,-0.38037109375,0.07421875,1980,1602470904094
-1.0806884765625,-0.3944091796875,0.052978515625,1980,1602470904109
-1.0633544921875,-0.43408203125,0.035888671875,1980,1602470904117
-1.029296875,-0.455078125,0.0755615234375,1981,1602470904124
-1.02783203125,-0.4085693359375,0.102783203125,1981,1602470904139
-1.021240234375,-0.3341064453125,0.1326904296875,1981,1602470904147
-0.96142578125,-0.284423828125,0.1512451171875,1981,1602470904154
-0.877197265625,-0.281005859375,0.190673828125,1982,1602470904169
-0.8790283203125,-0.288818359375,0.2236328125,1982,1602470904177
-0.968505859375,-0.2965087890625,0.2318115234375,1982,1602470904184
-1.0384521484375,-0.342529296875,0.2156982421875,1983,1602470904199
-1.0745849609375,-0.400634765625,0.1982421875,1983,1602470904207
-1.0579833984375,-0.4024658203125,0.2015380859375,1983,1602470904214
-0.95263671875,-0.3541259765625,0.1822509765625,1984,1602470904229
-0.8411865234375,-0.3116455078125,0.1436767578125,1984,1602470904236
-0.8953857421875,-0.3282470703125,0.1041259765625,1984,1602470904244
-1.000732421875,-0.380615234375,0.0333251953125,1985,1602470904259
-0.9652099609375,-0.40576171875,0.0731201171875,1985,1602470904266
-0.9232177734375,-0.3642578125,0.11669921875,1985,1602470904274
-0.9036865234375,-0.325439453125,0.1295166015625,1985,1602470904289
-0.9180908203125,-0.3377685546875,0.1378173828125,1986,1602470904297
-0.9608154296875,-0.3814697265625,0.1492919921875,1986,1602470904304
-0.979248046875,-0.37451171875,0.15478515625,1986,1602470904319
-0.9271240234375,-0.345947265625,0.1531982421875,1987,1602470904327
-0.8525390625,-0.3365478515625,0.132568359375,1987,1602470904334
-0.8419189453125,-0.3597412109375,0.1180419921875,1987,1602470904349
-0.893310546875,-0.3939208984375,0.1260986328125,1987,1602470904357
-0.9530029296875,-0.402099609375,0.1397705078125,1988,1602470904364
-0.96728515625,-0.373291015625,0.187744140625,1988,1602470904379
-0.912841796875,-0.3394775390625,0.21826171875,1988,1602470904386
-0.9578857421875,-0.3349609375,0.26708984375,1989,1602470904394
-1.00244140625,-0.3172607421875,0.248779296875,1989,1602470904409
-0.857421875,-0.316650390625,0.2432861328125,1989,1602470904416
-0.8345947265625,-0.3292236328125,0.270751953125,1989,1602470904424
-0.93994140625,-0.3480224609375,0.251953125,1990,1602470904439
-1.0120849609375,-0.366943359375,0.2379150390625,1990,1602470904446
-1.0296630859375,-0.3668212890625,0.2412109375,1990,1602470904454
-1.0135498046875,-0.345703125,0.2314453125,1991,1602470904469
-1.002197265625,-0.3416748046875,0.2403564453125,1991,1602470904477
-1.01171875,-0.342529296875,0.2698974609375,1991,1602470904484
-1.0130615234375,-0.3233642578125,0.3067626953125,1992,1602470904499
-1.0098876953125,-0.2947998046875,0.3616943359375,1992,1602470904507
-1.0650634765625,-0.2904052734375,0.4296875,1992,1602470904514
-1.129638671875,-0.3170166015625,0.4627685546875,1993,1602470904529
-1.106689453125,-0.3563232421875,0.440673828125,1993,1602470904537
-1.0133056640625,-0.38916015625,0.410400390625,1993,1602470904544
-0.89599609375,-0.4222412109375,0.2716064453125,1993,1602470904559
-0.8143310546875,-0.45166015625,0.177734375,1994,1602470904567
-0.837646484375,-0.430419921875,0.2412109375,1994,1602470904574
-0.8203125,-0.38916015625,0.3876953125,1994,1602470904589
-0.7652587890625,-0.335693359375,0.455810546875,1995,1602470904597
-0.8837890625,-0.281005859375,0.473876953125,1995,1602470904604
-1.005859375,-0.2978515625,0.5087890625,1995,1602470904619
-0.9381103515625,-0.37255859375,0.576416015625,1995,1602470904627
-0.6378173828125,-0.432861328125,0.5233154296875,1996,1602470904634
-0.390625,-0.43994140625,0.4423828125,1996,1602470904649
-0.401611328125,-0.406982421875,0.39697265625,1996,1602470904657
-0.4605712890625,-0.364990234375,0.38720703125,1997,1602470904664
-0.509033203125,-0.3741455078125,0.4385986328125,1997,1602470904679
-0.5872802734375,-0.44775390625,0.4349365234375,1997,1602470904687
-0.73388671875,-0.531982421875,0.4317626953125,1997,1602470904694
-0.8914794921875,-0.5682373046875,0.475830078125,1998,1602470904709
-0.88134765625,-0.578369140625,0.4921875,1998,1602470904717
-0.7991943359375,-0.564697265625,0.4796142578125,1998,1602470904724
-0.7452392578125,-0.511474609375,0.47265625,1999,1602470904739
-0.711181640625,-0.45751953125,0.4613037109375,1999,1602470904747
-0.7037353515625,-0.46630859375,0.4132080078125,1999,1602470904754
-0.7064208984375,-0.48681640625,0.3275146484375,2000,1602470904769
-0.68701171875,-0.476806640625,0.2772216796875,2000,1602470904777
-0.656982421875,-0.4505615234375,0.263671875,2000,1602470904784
-0.694580078125,-0.43798828125,0.27880859375,2000,1602470904792
-0.807373046875,-0.4322509765625,0.3212890625,2001,1602470904806
-0.9097900390625,-0.4244384765625,0.3404541015625,2001,1602470904814
-0.960693359375,-0.49267578125,0.35302734375,2001,1602470904822
-0.9534912109375,-0.5494384765625,0.377685546875,2002,1602470904836
-0.878662109375,-0.52490234375,0.3909912109375,2002,1602470904844
-0.8155517578125,-0.4754638671875,0.366943359375,2002,1602470904851
-0.792724609375,-0.42333984375,0.336181640625,2003,1602470904867
-0.818115234375,-0.3912353515625,0.3406982421875,2003,1602470904874
-0.89453125,-0.42578125,0.3070068359375,2003,1602470904882
-0.9617919921875,-0.5257568359375,0.3045654296875,2004,1602470904897
-0.9613037109375,-0.5833740234375,0.3388671875,2004,1602470904904
-0.965576171875,-0.5538330078125,0.345458984375,2004,1602470904912
-1.005126953125,-0.522705078125,0.331787109375,2004,1602470904927
-1.0498046875,-0.5006103515625,0.3575439453125,2005,1602470904934
-1.0208740234375,-0.4739990234375,0.4132080078125,2005,1602470904942
-0.85400390625,-0.4586181640625,0.4942626953125,2005,1602470904957
-0.7625732421875,-0.4803466796875,0.5760498046875,2006,1602470904964
-0.762939453125,-0.47265625,0.61279296875,2006,1602470904972
-0.83935546875,-0.40576171875,0.72509765625,2006,1602470904987
-0.7884521484375,-0.3795166015625,0.824462890625,2006,1602470904994
-0.608642578125,-0.3983154296875,0.9041748046875,2007,1602470905002
-0.438720703125,-0.3565673828125,1.002685546875,2007,1602470905017
-0.2783203125,-0.3123779296875,1.037841796875,2007,1602470905024
-0.1773681640625,-0.3017578125,1.0556640625,2008,1602470905032
-0.157470703125,-0.302978515625,1.0284423828125,2008,1602470905047
-0.189208984375,-0.3486328125,0.981689453125,2008,1602470905054
-0.2608642578125,-0.4444580078125,0.9085693359375,2008,1602470905062
-0.37744140625,-0.50244140625,0.85400390625,2009,1602470905077
-0.4393310546875,-0.5155029296875,0.756591796875,2009,1602470905084
-0.403076171875,-0.547607421875,0.6396484375,2009,1602470905092
-0.3714599609375,-0.5704345703125,0.556884765625,2010,1602470905107
-0.4219970703125,-0.5548095703125,0.5384521484375,2010,1602470905114
-0.471435546875,-0.528076171875,0.5032958984375,2010,1602470905122
-0.6114501953125,-0.49462890625,0.5142822265625,2011,1602470905137
-0.81591796875,-0.5078125,0.44091796875,2011,1602470905144
-0.9005126953125,-0.595703125,0.344482421875,2011,1602470905152
-0.8056640625,-0.6611328125,0.34814453125,2012,1602470905174
-0.61083984375,-0.658203125,0.388916015625,2012,1602470905182
-0.451904296875,-0.62158203125,0.3858642578125,2012,1602470905189
-0.41943359375,-0.5703125,0.330322265625,2013,1602470905197
-0.4483642578125,-0.5389404296875,0.2828369140625,2013,1602470905204
-0.45361328125,-0.5252685546875,0.2762451171875,2013,1602470905212
-0.553955078125,-0.4906005859375,0.4268798828125,2013,1602470905227
-0.7392578125,-0.4482421875,0.5213623046875,2014,1602470905234
-0.8824462890625,-0.4320068359375,0.5257568359375,2014,1602470905242
-0.9298095703125,-0.3516845703125,0.559326171875,2014,1602470905257
-0.8455810546875,-0.2603759765625,0.5250244140625,2015,1602470905264
-0.8204345703125,-0.2591552734375,0.4468994140625,2015,1602470905272
-0.8489990234375,-0.3433837890625,0.4012451171875,2015,1602470905287
-0.760498046875,-0.3935546875,0.4169921875,2015,1602470905294
-0.7471923828125,-0.3897705078125,0.4771728515625,2016,1602470905302
-0.7415771484375,-0.392822265625,0.531982421875,2016,1602470905317
-0.7008056640625,-0.434814453125,0.5361328125,2016,1602470905324
-0.721923828125,-0.4525146484375,0.572509765625,2017,1602470905332
-0.689208984375,-0.4666748046875,0.5543212890625,2017,1602470905354
-0.654541015625,-0.521484375,0.4927978515625,2017,1602470905362
-0.64990234375,-0.546142578125,0.4422607421875,2018,1602470905369
-0.602783203125,-0.5067138671875,0.4400634765625,2018,1602470905377
-0.56005859375,-0.4669189453125,0.452392578125,2018,1602470905384
-0.5869140625,-0.438232421875,0.46875,2018,1602470905392
-0.6353759765625,-0.3924560546875,0.462646484375,2019,1602470905407
-0.70556640625,-0.3326416015625,0.443359375,2019,1602470905414
-0.7802734375,-0.280517578125,0.4166259765625,2019,1602470905422
-0.8485107421875,-0.258056640625,0.4615478515625,2020,1602470905437
-0.8341064453125,-0.1759033203125,0.48583984375,2020,1602470905444
-0.8834228515625,-0.0618896484375,0.2796630859375,2020,1602470905452
-0.916259765625,-0.119873046875,0.15673828125,2021,1602470905467
-0.8836669921875,-0.253173828125,0.129150390625,2021,1602470905474
-0.8946533203125,-0.30322265625,0.085205078125,2021,1602470905482
-0.994384765625,-0.2694091796875,0.02734375,2022,1602470905497
-1.0657958984375,-0.2225341796875,-0.0753173828125,2022,1602470905504
-1.0892333984375,-0.197265625,-0.1995849609375,2022,1602470905512
-1.140625,-0.205078125,-0.2845458984375,2022,1602470905527
-1.2587890625,-0.1773681640625,-0.32861328125,2023,1602470905536
-1.328857421875,-0.164306640625,-0.406494140625,2023,1602470905542
-1.3076171875,-0.173828125,-0.4576416015625,2023,1602470905557
-1.23388671875,-0.1468505859375,-0.4427490234375,2024,1602470905564
-1.195068359375,-0.1929931640625,-0.4005126953125,2024,1602470905572
-1.1156005859375,-0.2498779296875,-0.36279296875,2024,1602470905587
-0.93994140625,-0.2763671875,-0.322021484375,2024,1602470905594
-0.7950439453125,-0.2911376953125,-0.2476806640625,2025,1602470905602
-0.75341796875,-0.2867431640625,-0.1483154296875,2025,1602470905617
-0.76904296875,-0.2557373046875,-0.0791015625,2025,1602470905624
-0.819091796875,-0.2342529296875,-0.0653076171875,2026,1602470905632
-0.9351806640625,-0.2449951171875,-0.1058349609375,2026,1602470905647
-1.0023193359375,-0.265869140625,-0.1497802734375,2026,1602470905654
-0.948486328125,-0.2725830078125,-0.1810302734375,2026,1602470905662
-0.8604736328125,-0.2822265625,-0.1917724609375,2027,1602470905677
-0.8037109375,-0.286376953125,-0.2066650390625,2027,1602470905684
-0.7916259765625,-0.260986328125,-0.232177734375,2027,1602470905692
-0.8392333984375,-0.238525390625,-0.2574462890625,2028,1602470905707
-0.9158935546875,-0.2200927734375,-0.2816162109375,2028,1602470905714
-0.989013671875,-0.2122802734375,-0.3685302734375,2028,1602470905722
-1.0048828125,-0.2266845703125,-0.4937744140625,2029,1602470905737
-1.0263671875,-0.2841796875,-0.6297607421875,2029,1602470905744
-1.0513916015625,-0.3111572265625,-0.6900634765625,2029,1602470905752
-1.050048828125,-0.3131103515625,-0.708740234375,2030,1602470905767
-1.0469970703125,-0.341796875,-0.7012939453125,2030,1602470905774
-1.031982421875,-0.36865234375,-0.6378173828125,2030,1602470905782
-1.0157470703125,-0.3482666015625,-0.5589599609375,2030,1602470905797
-0.9903564453125,-0.3359375,-0.5582275390625,2031,1602470905804
-1.002197265625,-0.3380126953125,-0.5643310546875,2031,1602470905812
-1.004638671875,-0.343505859375,-0.543701171875,2031,1602470905827
-0.9442138671875,-0.33349609375,-0.5245361328125,2032,1602470905834
-0.8966064453125,-0.3197021484375,-0.4771728515625,2032,1602470905842
-0.90576171875,-0.32275390625,-0.400390625,2032,1602470905857
-0.9051513671875,-0.3406982421875,-0.3739013671875,2033,1602470905864
-0.923828125,-0.3299560546875,-0.382080078125,2033,1602470905872
-0.965576171875,-0.3194580078125,-0.38671875,2033,1602470905887
-0.90380859375,-0.3421630859375,-0.3958740234375,2033,1602470905894
-0.8692626953125,-0.3548583984375,-0.423095703125,2034,1602470905902
-0.9000244140625,-0.349365234375,-0.464111328125,2034,1602470905909
-0.8851318359375,-0.3218994140625,-0.4593505859375,2034,1602470905924
-0.823974609375,-0.305419921875,-0.3857421875,2035,1602470905932
-0.75537109375,-0.31787109375,-0.34130859375,2035,1602470905939
-0.739013671875,-0.31591796875,-0.31103515625,2035,1602470905954
-0.736572265625,-0.3148193359375,-0.2681884765625,2035,1602470905962
-0.7314453125,-0.3492431640625,-0.2655029296875,2036,1602470905969
-0.7437744140625,-0.34716796875,-0.2889404296875,2036,1602470905984
-0.7637939453125,-0.2847900390625,-0.292724609375,2036,1602470905992
-0.78857421875,-0.2210693359375,-0.2843017578125,2037,1602470905999
-0.77734375,-0.204833984375,-0.2718505859375,2037,1602470906014
-0.80322265625,-0.2347412109375,-0.232177734375,2037,1602470906022
-0.848388671875,-0.2705078125,-0.1900634765625,2037,1602470906029
-0.906005859375,-0.305419921875,-0.1973876953125,2038,1602470906044
-0.9302978515625,-0.322021484375,-0.1915283203125,2038,1602470906052
-0.884765625,-0.326416015625,-0.1898193359375,2038,1602470906059
-0.7679443359375,-0.3179931640625,-0.223876953125,2039,1602470906074
-0.7227783203125,-0.331298828125,-0.134765625,2039,1602470906082
-0.8851318359375,-0.351318359375,-0.00390625,2039,1602470906089
-1.0111083984375,-0.34326171875,0.0716552734375,2040,1602470906104
-0.9752197265625,-0.34228515625,0.1041259765625,2040,1602470906112
-0.94775390625,-0.3741455078125,0.0513916015625,2040,1602470906119
-1.0201416015625,-0.388916015625,0.0079345703125,2041,1602470906134
-0.9664306640625,-0.347900390625,0.1109619140625,2041,1602470906142
-0.8468017578125,-0.30419921875,0.1964111328125,2041,1602470906149
-0.788330078125,-0.2906494140625,0.256103515625,2041,1602470906164
-0.9136962890625,-0.3223876953125,0.234375,2042,1602470906172
-1.1251220703125,-0.34521484375,0.1348876953125,2042,1602470906179
-1.13720703125,-0.3743896484375,0.0704345703125,2042,1602470906194
-1.196533203125,-0.4141845703125,-0.025146484375,2043,1602470906202
-1.261474609375,-0.431640625,-0.137451171875,2043,1602470906209
-1.1600341796875,-0.4110107421875,-0.073486328125,2043,1602470906224
-0.900634765625,-0.35009765625,0.0489501953125,2044,1602470906232
-0.6942138671875,-0.3319091796875,0.16455078125,2044,1602470906239
-0.68701171875,-0.3878173828125,0.2586669921875,2044,1602470906254
-0.9459228515625,-0.3912353515625,0.22509765625,2044,1602470906262
-1.0869140625,-0.334716796875,0.12646484375,2045,1602470906269
-0.8743896484375,-0.403076171875,0.037353515625,2045,1602470906284
-0.598388671875,-0.47021484375,0.0,2045,1602470906292
-0.635498046875,-0.3909912109375,-0.0511474609375,2046,1602470906299
-0.8912353515625,-0.330322265625,-0.0609130859375,2046,1602470906314
-1.02099609375,-0.39892578125,-0.0230712890625,2046,1602470906322
-0.9520263671875,-0.439453125,0.0509033203125,2046,1602470906329
-0.838134765625,-0.3551025390625,0.1209716796875,2047,1602470906344
-0.82763671875,-0.28564453125,0.145263671875,2047,1602470906352
-0.8662109375,-0.3160400390625,0.1064453125,2047,1602470906359
-0.868408203125,-0.3602294921875,0.0228271484375,2048,1602470906374
-0.8951416015625,-0.403564453125,-0.1268310546875,2048,1602470906382
-0.9102783203125,-0.4293212890625,-0.17236328125,2048,1602470906389
-0.945068359375,-0.44091796875,-0.1383056640625,2049,1602470906404
-0.9417724609375,-0.4083251953125,-0.1072998046875,2049,1602470906412
-0.9302978515625,-0.4061279296875,-0.1448974609375,2049,1602470906419
-0.8863525390625,-0.4075927734375,-0.15966796875,2050,1602470906434
-0.91796875,-0.364501953125,-0.143798828125,2050,1602470906442
-1.119873046875,-0.30859375,-0.118896484375,2050,1602470906449
-1.30322265625,-0.310546875,-0.154541015625,2050,1602470906464
-1.114013671875,-0.42041015625,-0.1644287109375,2051,1602470906472
-0.846435546875,-0.441650390625,-0.15625,2051,1602470906479
-0.7545166015625,-0.3419189453125,-0.147216796875,2051,1602470906494
-0.8101806640625,-0.3206787109375,-0.1961669921875,2052,1602470906502
-0.869140625,-0.409912109375,-0.3048095703125,2052,1602470906509
-0.90625,-0.4537353515625,-0.406982421875,2052,1602470906524
-0.911865234375,-0.4296875,-0.4765625,2052,1602470906532
-0.8502197265625,-0.3922119140625,-0.4730224609375,2053,1602470906539
-0.840087890625,-0.3636474609375,-0.43115234375,2053,1602470906554
-0.8817138671875,-0.3763427734375,-0.4259033203125,2053,1602470906562
-0.864501953125,-0.387939453125,-0.3994140625,2054,1602470906569
-0.786865234375,-0.3564453125,-0.320556640625,2054,1602470906584
-0.815673828125,-0.326904296875,-0.3155517578125,2054,1602470906592
-0.8973388671875,-0.3497314453125,-0.308837890625,2055,1602470906607
-0.8818359375,-0.3614501953125,-0.2930908203125,2055,1602470906614
-0.936767578125,-0.32861328125,-0.2916259765625,2055,1602470906622
-1.044921875,-0.33642578125,-0.3114013671875,2055,1602470906629
-1.0185546875,-0.39306640625,-0.32421875,2056,1602470906644
-0.9544677734375,-0.40234375,-0.31982421875,2056,1602470906652
-0.94775390625,-0.3885498046875,-0.26513671875,2056,1602470906659
-0.9844970703125,-0.414306640625,-0.2230224609375,2057,1602470906674
-1.009033203125,-0.4381103515625,-0.2637939453125,2057,1602470906682
-0.9453125,-0.4024658203125,-0.271240234375,2057,1602470906689
-0.8458251953125,-0.3492431640625,-0.24169921875,2058,1602470906704
-0.7896728515625,-0.3175048828125,-0.2109375,2058,1602470906712
-0.797607421875,-0.31005859375,-0.197998046875,2058,1602470906727
-0.804931640625,-0.3179931640625,-0.1903076171875,2058,1602470906734
-0.7967529296875,-0.3480224609375,-0.20947265625,2059,1602470906742
-0.8157958984375,-0.365478515625,-0.2242431640625,2059,1602470906749
-0.845703125,-0.357177734375,-0.231201171875,2059,1602470906764
-0.872314453125,-0.3614501953125,-0.234619140625,2060,1602470906772
-0.8795166015625,-0.3753662109375,-0.2291259765625,2060,1602470906779
-0.860595703125,-0.3662109375,-0.2156982421875,2060,1602470906794
-0.89794921875,-0.35546875,-0.238525390625,2061,1602470906802
-0.8875732421875,-0.361083984375,-0.222412109375,2061,1602470906809
-0.924560546875,-0.3446044921875,-0.2484130859375,2061,1602470906824
-1.0401611328125,-0.3695068359375,-0.2930908203125,2061,1602470906832
-0.9698486328125,-0.3865966796875,-0.2906494140625,2062,1602470906839
-0.8865966796875,-0.34716796875,-0.296630859375,2062,1602470906854
-0.878662109375,-0.326171875,-0.333984375,2062,1602470906862
-0.972900390625,-0.3746337890625,-0.390869140625,2063,1602470906869
-0.9527587890625,-0.40673828125,-0.4140625,2063,1602470906884
-0.863037109375,-0.39111328125,-0.3736572265625,2063,1602470906892
-0.86083984375,-0.3826904296875,-0.33056640625,2063,1602470906899
-0.9013671875,-0.369384765625,-0.336669921875,2064,1602470906914
-0.918212890625,-0.3662109375,-0.3336181640625,2064,1602470906922
-0.840087890625,-0.38720703125,-0.359619140625,2064,1602470906929
-0.6837158203125,-0.4090576171875,-0.402587890625,2065,1602470906944
-0.6683349609375,-0.356201171875,-0.347412109375,2065,1602470906952
-0.7545166015625,-0.29150390625,-0.318359375,2065,1602470906959
-0.86376953125,-0.3048095703125,-0.345703125,2066,1602470906974
-0.95361328125,-0.366943359375,-0.38427734375,2066,1602470906982
-0.970703125,-0.418212890625,-0.393310546875,2066,1602470906989
-0.9500732421875,-0.402099609375,-0.429443359375,2067,1602470907004
-0.9937744140625,-0.3463134765625,-0.49658203125,2067,1602470907012
-0.805419921875,-0.352294921875,-0.4466552734375,2067,1602470907019
-0.65673828125,-0.368408203125,-0.33837890625,2067,1602470907027
-0.81298828125,-0.30517578125,-0.239013671875,2068,1602470907042
-1.0023193359375,-0.31494140625,-0.252685546875,2068,1602470907049
-0.9879150390625,-0.3629150390625,-0.2489013671875,2068,1602470907057
-0.787109375,-0.349853515625,-0.23486328125,2069,1602470907072
-0.6033935546875,-0.3038330078125,-0.283203125,2069,1602470907079
-0.664794921875,-0.284423828125,-0.3121337890625,2069,1602470907087
-0.909912109375,-0.31787109375,-0.3236083984375,2069,1602470907102
-1.0933837890625,-0.376708984375,-0.3466796875,2070,1602470907109
-1.158203125,-0.39794921875,-0.4139404296875,2070,1602470907117
-1.095703125,-0.370849609375,-0.3883056640625,2070,1602470907132
-0.95166015625,-0.362060546875,-0.420654296875,2071,1602470907139
-0.9072265625,-0.3614501953125,-0.43310546875,2071,1602470907147
-0.840576171875,-0.3599853515625,-0.435791015625,2071,1602470907162
-0.7646484375,-0.347412109375,-0.45556640625,2072,1602470907169
-0.724853515625,-0.3265380859375,-0.4404296875,2072,1602470907177
-0.784912109375,-0.31201171875,-0.404052734375,2072,1602470907192
-0.897705078125,-0.30859375,-0.361572265625,2072,1602470907199
-0.977783203125,-0.312255859375,-0.3270263671875,2073,1602470907207
-1.0128173828125,-0.3212890625,-0.2928466796875,2073,1602470907222
-0.987060546875,-0.3316650390625,-0.3267822265625,2073,1602470907229
-0.9217529296875,-0.318359375,-0.3182373046875,2074,1602470907237
-0.8585205078125,-0.31689453125,-0.327880859375,2074,1602470907252
-0.8431396484375,-0.326171875,-0.376953125,2074,1602470907259
-0.875,-0.3326416015625,-0.3795166015625,2074,1602470907267
-0.953369140625,-0.343505859375,-0.40185546875,2075,1602470907282
-0.952880859375,-0.3363037109375,-0.3912353515625,2075,1602470907289
-0.907470703125,-0.3258056640625,-0.3514404296875,2075,1602470907297
-0.91064453125,-0.334228515625,-0.3505859375,2076,1602470907312
-0.885009765625,-0.3475341796875,-0.3468017578125,2076,1602470907319
-0.833740234375,-0.3583984375,-0.337890625,2076,1602470907327
-0.8209228515625,-0.35595703125,-0.3206787109375,2077,1602470907342
-0.83740234375,-0.3485107421875,-0.30517578125,2077,1602470907349
-0.8526611328125,-0.35205078125,-0.3125,2077,1602470907357
-0.83056640625,-0.356689453125,-0.3125,2078,1602470907374
-0.821044921875,-0.3516845703125,-0.306884765625,2078,1602470907380
-0.8873291015625,-0.354736328125,-0.318603515625,2078,1602470907387
-0.94482421875,-0.3636474609375,-0.3179931640625,2078,1602470907402
-0.9761962890625,-0.364013671875,-0.3037109375,2079,1602470907409
-0.985595703125,-0.364990234375,-0.3013916015625,2079,1602470907417
-0.93115234375,-0.3741455078125,-0.280029296875,2079,1602470907432
-0.8634033203125,-0.35986328125,-0.252197265625,2080,1602470907439
-0.83251953125,-0.3251953125,-0.2265625,2080,1602470907447
-0.8441162109375,-0.3157958984375,-0.207763671875,2080,1602470907462
-0.88916015625,-0.3194580078125,-0.1805419921875,2080,1602470907469
-0.9356689453125,-0.3271484375,-0.168701171875,2081,1602470907477
-0.9927978515625,-0.346435546875,-0.244384765625,2081,1602470907492
-0.97509765625,-0.373046875,-0.3399658203125,2081,1602470907499
-0.84814453125,-0.3638916015625,-0.327880859375,2082,1602470907507
-0.7777099609375,-0.3148193359375,-0.26123046875,2082,1602470907522
-0.841552734375,-0.2843017578125,-0.25390625,2082,1602470907529
-0.93994140625,-0.327392578125,-0.27001953125,2083,1602470907537
-0.8865966796875,-0.3818359375,-0.2254638671875,2083,1602470907552
-0.8106689453125,-0.38232421875,-0.29150390625,2083,1602470907559
-0.7791748046875,-0.3494873046875,-0.3409423828125,2083,1602470907567
-0.697509765625,-0.320068359375,-0.3673095703125,2084,1602470907582
-0.7623291015625,-0.3411865234375,-0.37353515625,2084,1602470907589
-0.91015625,-0.3775634765625,-0.367431640625,2084,1602470907597
-1.00634765625,-0.396240234375,-0.3516845703125,2085,1602470907612
-1.008056640625,-0.3953857421875,-0.3302001953125,2085,1602470907619
-0.9447021484375,-0.37255859375,-0.307373046875,2085,1602470907627
-0.860107421875,-0.3326416015625,-0.2935791015625,2086,1602470907642
-0.84765625,-0.31103515625,-0.2825927734375,2086,1602470907649
-0.889892578125,-0.321533203125,-0.3209228515625,2086,1602470907657
-0.8826904296875,-0.3505859375,-0.3519287109375,2087,1602470907672
-0.8310546875,-0.3603515625,-0.3553466796875,2087,1602470907679
-0.8438720703125,-0.335693359375,-0.3408203125,2087,1602470907687
-0.91064453125,-0.307861328125,-0.3345947265625,2087,1602470907702
-0.9791259765625,-0.320068359375,-0.3526611328125,2088,1602470907709
-0.973876953125,-0.3568115234375,-0.3809814453125,2088,1602470907717
-0.8935546875,-0.379638671875,-0.387939453125,2088,1602470907732
-0.858154296875,-0.3538818359375,-0.38037109375,2089,1602470907739
-0.8792724609375,-0.3189697265625,-0.3623046875,2089,1602470907747
-0.854248046875,-0.31591796875,-0.3701171875,2089,1602470907762
-0.834228515625,-0.3443603515625,-0.3751220703125,2089,1602470907769
-0.8670654296875,-0.3482666015625,-0.3837890625,2090,1602470907777
-0.86572265625,-0.3258056640625,-0.3660888671875,2090,1602470907792
-0.8802490234375,-0.32470703125,-0.369873046875,2090,1602470907799
-0.883056640625,-0.34716796875,-0.384033203125,2091,1602470907807
-0.8660888671875,-0.3377685546875,-0.3538818359375,2091,1602470907822
-0.9007568359375,-0.32666015625,-0.3109130859375,2091,1602470907829
-0.9669189453125,-0.3389892578125,-0.3017578125,2091,1602470907837
-0.93603515625,-0.3419189453125,-0.287841796875,2092,1602470907852
-0.840087890625,-0.3297119140625,-0.3056640625,2092,1602470907859
-0.7357177734375,-0.317626953125,-0.3592529296875,2092,1602470907867
-0.716552734375,-0.2906494140625,-0.404541015625,2093,1602470907882
-0.83056640625,-0.2783203125,-0.412841796875,2093,1602470907889
-0.9765625,-0.32666015625,-0.382568359375,2093,1602470907897
-1.0177001953125,-0.36328125,-0.3262939453125,2094,1602470907912
-0.9876708984375,-0.341552734375,-0.280029296875,2094,1602470907919
-0.9295654296875,-0.3045654296875,-0.2718505859375,2094,1602470907927
-0.8515625,-0.29296875,-0.2723388671875,2095,1602470907942
-0.81591796875,-0.31201171875,-0.2835693359375,2095,1602470907950
-0.8385009765625,-0.322021484375,-0.314453125,2095,1602470907957
-0.888671875,-0.33154296875,-0.356201171875,2096,1602470907972
-0.8782958984375,-0.3280029296875,-0.32373046875,2096,1602470907979
-0.8770751953125,-0.3189697265625,-0.3812255859375,2096,1602470907987
-0.98779296875,-0.3531494140625,-0.4150390625,2096,1602470908002
-0.8909912109375,-0.3905029296875,-0.370849609375,2097,1602470908009
-0.8289794921875,-0.3863525390625,-0.3748779296875,2097,1602470908017
-0.80126953125,-0.3485107421875,-0.373291015625,2097,1602470908032
-0.83203125,-0.33642578125,-0.3826904296875,2098,1602470908039
-0.84912109375,-0.3492431640625,-0.3697509765625,2098,1602470908047
-0.7119140625,-0.3446044921875,-0.2540283203125,2098,1602470908062
-0.893798828125,-0.335205078125,-0.4326171875,2098,1602470908069
-1.0845947265625,-0.404052734375,-0.4866943359375,2099,1602470908077
-0.9027099609375,-0.4232177734375,-0.3795166015625,2099,1602470908092
-0.8494873046875,-0.383056640625,-0.400390625,2099,1602470908099
-0.8189697265625,-0.3489990234375,-0.4088134765625,2099,1602470908107
-0.7786865234375,-0.3359375,-0.387939453125,2100,1602470908122
-0.8001708984375,-0.3267822265625,-0.3712158203125,2100,1602470908129
-0.8548583984375,-0.333740234375,-0.390625,2100,1602470908137
-0.86572265625,-0.3382568359375,-0.3963623046875,2101,1602470908144
-0.8681640625,-0.3402099609375,-0.3819580078125,2101,1602470908159
-0.8695068359375,-0.3253173828125,-0.38671875,2101,1602470908167
-0.8741455078125,-0.308837890625,-0.399169921875,2102,1602470908174
-0.8546142578125,-0.3126220703125,-0.3994140625,2102,1602470908189
-0.820556640625,-0.328857421875,-0.40234375,2102,1602470908197
-0.81689453125,-0.32763671875,-0.3763427734375,2102,1602470908204
-0.8221435546875,-0.3101806640625,-0.362060546875,2103,1602470908219
-0.8326416015625,-0.306640625,-0.3724365234375,2103,1602470908227
-0.8321533203125,-0.3231201171875,-0.39794921875,2103,1602470908234
-0.841064453125,-0.3203125,-0.44091796875,2104,1602470908249
-0.908935546875,-0.3243408203125,-0.4228515625,2104,1602470908257
-0.943359375,-0.359130859375,-0.4871826171875,2104,1602470908264
-0.8546142578125,-0.3590087890625,-0.502197265625,2105,1602470908279
-0.7777099609375,-0.340576171875,-0.50830078125,2105,1602470908287
-0.748046875,-0.3062744140625,-0.5093994140625,2105,1602470908294
-0.767333984375,-0.292236328125,-0.4891357421875,2106,1602470908317
-0.77978515625,-0.2979736328125,-0.440185546875,2106,1602470908324
-0.843017578125,-0.3040771484375,-0.496826171875,2106,1602470908332
-0.9490966796875,-0.3663330078125,-0.5557861328125,2107,1602470908339
-0.844482421875,-0.40625,-0.494140625,2107,1602470908347
-0.80078125,-0.3582763671875,-0.472900390625,2107,1602470908354
-0.783935546875,-0.30908203125,-0.4661865234375,2107,1602470908369
-0.794921875,-0.315673828125,-0.4898681640625,2108,1602470908377
-0.8095703125,-0.326416015625,-0.495361328125,2108,1602470908384
-0.8143310546875,-0.333740234375,-0.48388671875,2108,1602470908399
-0.8089599609375,-0.3226318359375,-0.4822998046875,2108,1602470908407
-0.8026123046875,-0.3143310546875,-0.4879150390625,2109,1602470908414
-0.83837890625,-0.31591796875,-0.491943359375,2109,1602470908429
-0.86669921875,-0.3194580078125,-0.49365234375,2109,1602470908437
-0.8497314453125,-0.3265380859375,-0.4842529296875,2110,1602470908444
-0.794189453125,-0.32470703125,-0.4683837890625,2110,1602470908459
-0.7783203125,-0.3099365234375,-0.459716796875,2110,1602470908467
-0.768310546875,-0.310302734375,-0.4737548828125,2110,1602470908474
-0.7677001953125,-0.3170166015625,-0.50537109375,2111,1602470908489
-0.7828369140625,-0.330078125,-0.53955078125,2111,1602470908497
-0.8099365234375,-0.347900390625,-0.5555419921875,2111,1602470908504
-0.8021240234375,-0.3580322265625,-0.532958984375,2112,1602470908519
-0.7786865234375,-0.3519287109375,-0.50048828125,2112,1602470908527
-0.7818603515625,-0.344482421875,-0.509765625,2112,1602470908534
-0.7445068359375,-0.331787109375,-0.466064453125,2113,1602470908549
-0.7977294921875,-0.3441162109375,-0.5428466796875,2113,1602470908557
-0.7781982421875,-0.33056640625,-0.51611328125,2113,1602470908564
-0.7637939453125,-0.299560546875,-0.4942626953125,2114,1602470908579
-0.8973388671875,-0.323486328125,-0.537841796875,2114,1602470908587
-0.9671630859375,-0.34814453125,-0.510986328125,2114,1602470908594
-0.9158935546875,-0.32958984375,-0.4884033203125,2115,1602470908609
-0.8408203125,-0.29345703125,-0.486328125,2115,1602470908617
-0.7847900390625,-0.277099609375,-0.4969482421875,2115,1602470908624
-0.7908935546875,-0.30322265625,-0.5230712890625,2115,1602470908639
-0.825439453125,-0.328125,-0.538818359375,2116,1602470908647
-0.839599609375,-0.339111328125,-0.5621337890625,2116,1602470908654
-0.8175048828125,-0.333984375,-0.56689453125,2116,1602470908669
-0.78759765625,-0.3236083984375,-0.548828125,2117,1602470908677
-0.7711181640625,-0.310791015625,-0.53564453125,2117,1602470908684
-0.7740478515625,-0.3046875,-0.523681640625,2117,1602470908699
-0.79248046875,-0.31787109375,-0.521728515625,2117,1602470908707
-0.8076171875,-0.3291015625,-0.5091552734375,2118,1602470908714
-0.805419921875,-0.3338623046875,-0.4783935546875,2118,1602470908729
-0.8026123046875,-0.3287353515625,-0.4622802734375,2118,1602470908737
-0.7950439453125,-0.3150634765625,-0.4381103515625,2119,1602470908744
-0.7916259765625,-0.3104248046875,-0.4266357421875,2119,1602470908759
-0.7899169921875,-0.312255859375,-0.421142578125,2119,1602470908767
-0.8115234375,-0.31982421875,-0.43310546875,2119,1602470908774
-0.81494140625,-0.325927734375,-0.443115234375,2120,1602470908789
-0.774658203125,-0.33837890625,-0.45703125,2120,1602470908797
-0.7586669921875,-0.33251953125,-0.4443359375,2120,1602470908804
-0.788818359375,-0.3062744140625,-0.433837890625,2121,1602470908819
-0.838623046875,-0.3101806640625,-0.443359375,2121,1602470908827
-0.85986328125,-0.3525390625,-0.4395751953125,2121,1602470908834
-0.829345703125,-0.3721923828125,-0.43505859375,2122,1602470908849
-0.7972412109375,-0.3604736328125,-0.46435546875,2122,1602470908857
-0.7850341796875,-0.34716796875,-0.47705078125,2122,1602470908864
-0.7877197265625,-0.3516845703125,-0.4788818359375,2123,1602470908879
-0.7978515625,-0.3631591796875,-0.4798583984375,2123,1602470908887
-0.8143310546875,-0.3775634765625,-0.473876953125,2123,1602470908894
-0.821044921875,-0.3714599609375,-0.4732666015625,2124,1602470908909
-0.8143310546875,-0.3583984375,-0.4805908203125,2124,1602470908917
-0.8089599609375,-0.357177734375,-0.4866943359375,2124,1602470908924
-0.80029296875,-0.36083984375,-0.4893798828125,2124,1602470908939
-0.788330078125,-0.3580322265625,-0.461669921875,2125,1602470908947
-0.787109375,-0.364990234375,-0.49267578125,2125,1602470908954
-0.7947998046875,-0.3592529296875,-0.5245361328125,2125,1602470908969
-0.813720703125,-0.3653564453125,-0.5537109375,2126,1602470908977
-0.7813720703125,-0.378173828125,-0.5308837890625,2126,1602470908984
-0.776611328125,-0.37451171875,-0.525390625,2126,1602470908999
-0.8465576171875,-0.342529296875,-0.51220703125,2126,1602470909007
-0.873046875,-0.325927734375,-0.493896484375,2127,1602470909014
-0.8729248046875,-0.3494873046875,-0.489013671875,2127,1602470909029
-0.849853515625,-0.3626708984375,-0.4752197265625,2127,1602470909037
-0.8172607421875,-0.3408203125,-0.45654296875,2128,1602470909044
-0.792724609375,-0.330810546875,-0.4613037109375,2128,1602470909059
-0.780517578125,-0.322509765625,-0.4595947265625,2128,1602470909067
-0.7691650390625,-0.3046875,-0.46142578125,2128,1602470909074
-0.7825927734375,-0.314697265625,-0.467529296875,2129,1602470909089
-0.8040771484375,-0.3358154296875,-0.4637451171875,2129,1602470909097
-0.8148193359375,-0.3280029296875,-0.4654541015625,2129,1602470909104
-0.8251953125,-0.30322265625,-0.440185546875,2130,1602470909119
-0.8629150390625,-0.321044921875,-0.4251708984375,2130,1602470909127
-0.843017578125,-0.334716796875,-0.4635009765625,2130,1602470909134
-0.83203125,-0.340576171875,-0.4954833984375,2131,1602470909149
-0.8253173828125,-0.354248046875,-0.5264892578125,2131,1602470909157
-0.79443359375,-0.3636474609375,-0.5489501953125,2131,1602470909164
-0.783935546875,-0.36962890625,-0.553466796875,2132,1602470909179
-0.79150390625,-0.346435546875,-0.5244140625,2132,1602470909187
-0.7999267578125,-0.31982421875,-0.47265625,2132,1602470909194
-0.8218994140625,-0.3287353515625,-0.4609375,2132,1602470909209
-0.8253173828125,-0.3428955078125,-0.460693359375,2133,1602470909217
-0.8446044921875,-0.3497314453125,-0.4510498046875,2133,1602470909224
-0.87109375,-0.33447265625,-0.4344482421875,2133,1602470909239
-0.85693359375,-0.318115234375,-0.4224853515625,2134,1602470909247
-0.8255615234375,-0.32666015625,-0.428955078125,2134,1602470909254
-0.7998046875,-0.34375,-0.449951171875,2134,1602470909262
-0.80908203125,-0.3502197265625,-0.4649658203125,2135,1602470909277
-0.834228515625,-0.3367919921875,-0.455322265625,2135,1602470909284
-0.8299560546875,-0.31591796875,-0.453125,2135,1602470909292
-0.7855224609375,-0.3067626953125,-0.4617919921875,2135,1602470909307
-0.7611083984375,-0.3216552734375,-0.456298828125,2136,1602470909314
-0.76025390625,-0.3526611328125,-0.4886474609375,2136,1602470909322
-0.8038330078125,-0.357421875,-0.4739990234375,2136,1602470909337
-0.8634033203125,-0.3544921875,-0.4503173828125,2137,1602470909345
-0.899658203125,-0.332275390625,-0.445068359375,2137,1602470909352
-0.8480224609375,-0.29931640625,-0.4156494140625,2137,1602470909367
-0.8270263671875,-0.306884765625,-0.4207763671875,2137,1602470909374
-0.8238525390625,-0.323486328125,-0.4642333984375,2138,1602470909382
-0.7784423828125,-0.327880859375,-0.48388671875,2138,1602470909397
-0.7794189453125,-0.330078125,-0.483642578125,2138,1602470909404
-0.813232421875,-0.314208984375,-0.455322265625,2139,1602470909415
-0.8624267578125,-0.2926025390625,-0.46826171875,2139,1602470909427
-0.91064453125,-0.2989501953125,-0.48388671875,2139,1602470909434
-0.9024658203125,-0.3177490234375,-0.4881591796875,2139,1602470909442
-0.8824462890625,-0.3177490234375,-0.48583984375,2140,1602470909457
-0.86279296875,-0.3057861328125,-0.467041015625,2140,1602470909464
-0.8267822265625,-0.306396484375,-0.4638671875,2140,1602470909472
-0.812255859375,-0.3228759765625,-0.475830078125,2141,1602470909487
-0.826171875,-0.33056640625,-0.4866943359375,2141,1602470909494
-0.8455810546875,-0.321044921875,-0.510986328125,2141,1602470909502
-0.8736572265625,-0.324462890625,-0.5096435546875,2142,1602470909517
-0.8643798828125,-0.322021484375,-0.4832763671875,2142,1602470909524
-0.8182373046875,-0.313232421875,-0.4659423828125,2142,1602470909532
-0.828125,-0.30615234375,-0.4464111328125,2143,1602470909547
-0.8341064453125,-0.303466796875,-0.4576416015625,2143,1602470909554
-0.7962646484375,-0.3211669921875,-0.462158203125,2143,1602470909562
-0.7568359375,-0.3292236328125,-0.4698486328125,2143,1602470909577
-0.7423095703125,-0.3165283203125,-0.474609375,2144,1602470909584
-0.753662109375,-0.3314208984375,-0.470703125,2144,1602470909592
-0.772216796875,-0.342041015625,-0.4630126953125,2144,1602470909607
-0.7923583984375,-0.3436279296875,-0.470947265625,2145,1602470909614
-0.8084716796875,-0.3656005859375,-0.4910888671875,2145,1602470909622
-0.8076171875,-0.376220703125,-0.5086669921875,2145,1602470909637
-0.809814453125,-0.37158203125,-0.5162353515625,2146,1602470909644
-0.7978515625,-0.3658447265625,-0.516845703125,2146,1602470909652
-0.7735595703125,-0.3531494140625,-0.50439453125,2146,1602470909667
-0.7611083984375,-0.3468017578125,-0.49365234375,2146,1602470909675
-0.77685546875,-0.34033203125,-0.498046875,2147,1602470909682
-0.81591796875,-0.3377685546875,-0.5096435546875,2147,1602470909697
-0.8392333984375,-0.3411865234375,-0.5213623046875,2147,1602470909704
-0.839111328125,-0.3455810546875,-0.5233154296875,2147,1602470909712
-0.8072509765625,-0.33740234375,-0.5147705078125,2148,1602470909727
-0.7947998046875,-0.3184814453125,-0.5220947265625,2148,1602470909734
-0.82373046875,-0.3104248046875,-0.5201416015625,2148,1602470909742
-0.8436279296875,-0.324951171875,-0.5169677734375,2149,1602470909757
-0.8299560546875,-0.322021484375,-0.5128173828125,2149,1602470909764
-0.796875,-0.29931640625,-0.5048828125,2149,1602470909772
-0.7783203125,-0.2852783203125,-0.4991455078125,2150,1602470909787
-0.7574462890625,-0.3104248046875,-0.503173828125,2150,1602470909794
-0.7900390625,-0.3187255859375,-0.5048828125,2150,1602470909802
-0.811767578125,-0.2916259765625,-0.5145263671875,2151,1602470909817
-0.795166015625,-0.2825927734375,-0.5103759765625,2151,1602470909824
-0.804931640625,-0.311279296875,-0.5052490234375,2151,1602470909832
-0.8094482421875,-0.3372802734375,-0.5081787109375,2151,1602470909847
-0.80419921875,-0.3480224609375,-0.506103515625,2152,1602470909854
-0.7877197265625,-0.3463134765625,-0.49267578125,2152,1602470909862
-0.7864990234375,-0.33935546875,-0.4893798828125,2152,1602470909877
-0.786376953125,-0.343505859375,-0.50390625,2153,1602470909885
-0.763427734375,-0.358154296875,-0.509765625,2153,1602470909892
-0.7569580078125,-0.3690185546875,-0.51708984375,2153,1602470909907
-0.7769775390625,-0.3641357421875,-0.517333984375,2154,1602470909914
-0.7916259765625,-0.368408203125,-0.503662109375,2154,1602470909929
-0.7994384765625,-0.3668212890625,-0.4951171875,2154,1602470909937
-0.802734375,-0.352783203125,-0.4969482421875,2154,1602470909944
-0.793212890625,-0.3485107421875,-0.4991455078125,2155,1602470909952
-0.787353515625,-0.3465576171875,-0.50244140625,2155,1602470909967
-0.7974853515625,-0.3336181640625,-0.5111083984375,2155,1602470909974
-0.7967529296875,-0.320556640625,-0.5103759765625,2156,1602470909982
-0.7950439453125,-0.3135986328125,-0.51025390625,2156,1602470909997
-0.8046875,-0.3104248046875,-0.5218505859375,2156,1602470910004
-0.802490234375,-0.3114013671875,-0.5260009765625,2157,1602470910012
-0.7977294921875,-0.31591796875,-0.5267333984375,2157,1602470910027
-0.7861328125,-0.3251953125,-0.518310546875,2157,1602470910034
-0.7813720703125,-0.33203125,-0.5087890625,2157,1602470910042
-0.7744140625,-0.326904296875,-0.50537109375,2158,1602470910057
-0.7830810546875,-0.3162841796875,-0.5107421875,2158,1602470910064
-0.793212890625,-0.326416015625,-0.510498046875,2158,1602470910072
-0.785400390625,-0.3472900390625,-0.5235595703125,2159,1602470910087
-0.7833251953125,-0.3436279296875,-0.5372314453125,2159,1602470910094
-0.784912109375,-0.34326171875,-0.5472412109375,2159,1602470910102
-0.792236328125,-0.356201171875,-0.5511474609375,2160,1602470910117
-0.80078125,-0.356689453125,-0.5504150390625,2160,1602470910124
-0.7957763671875,-0.35107421875,-0.5369873046875,2160,1602470910132
-0.775146484375,-0.3372802734375,-0.510986328125,2160,1602470910147
-0.77685546875,-0.31298828125,-0.5145263671875,2161,1602470910154
-0.7867431640625,-0.3250732421875,-0.5367431640625,2161,1602470910162
-0.7725830078125,-0.3505859375,-0.5517578125,2161,1602470910177
-0.7767333984375,-0.3388671875,-0.5616455078125,2162,1602470910184
-0.7938232421875,-0.3245849609375,-0.5616455078125,2162,1602470910192
-0.8045654296875,-0.333740234375,-0.552490234375,2162,1602470910207
-0.796875,-0.3450927734375,-0.541259765625,2162,1602470910214
-0.7767333984375,-0.347900390625,-0.526123046875,2163,1602470910222
-0.7607421875,-0.3392333984375,-0.51708984375,2163,1602470910237
-0.7584228515625,-0.3302001953125,-0.51953125,2163,1602470910244
-0.765380859375,-0.3345947265625,-0.5220947265625,2164,1602470910252
-0.77978515625,-0.344482421875,-0.5263671875,2164,1602470910267
-0.7890625,-0.3436279296875,-0.5216064453125,2164,1602470910274
-0.789306640625,-0.3438720703125,-0.5205078125,2165,1602470910282
-0.788818359375,-0.3424072265625,-0.5174560546875,2165,1602470910297
-0.7752685546875,-0.3426513671875,-0.5152587890625,2165,1602470910304
-0.7559814453125,-0.33984375,-0.51904296875,2165,1602470910312
-0.7557373046875,-0.333984375,-0.52880859375,2166,1602470910327
-0.7713623046875,-0.3272705078125,-0.5352783203125,2166,1602470910334
-0.7861328125,-0.3233642578125,-0.5384521484375,2166,1602470910342
-0.78759765625,-0.3193359375,-0.5299072265625,2167,1602470910357
-0.7838134765625,-0.318603515625,-0.52490234375,2167,1602470910364
-0.7794189453125,-0.3199462890625,-0.52880859375,2167,1602470910372
-0.7777099609375,-0.3232421875,-0.5255126953125,2168,1602470910387
-0.7740478515625,-0.3272705078125,-0.5247802734375,2168,1602470910394
-0.7691650390625,-0.3270263671875,-0.53271484375,2168,1602470910402
-0.7647705078125,-0.325439453125,-0.5328369140625,2168,1602470910409
-0.7801513671875,-0.33154296875,-0.5389404296875,2169,1602470910424
-0.794677734375,-0.3333740234375,-0.5457763671875,2169,1602470910432
-0.7999267578125,-0.3336181640625,-0.549072265625,2169,1602470910440
-0.79541015625,-0.3402099609375,-0.546630859375,2170,1602470910454
-0.7646484375,-0.34375,-0.529052734375,2170,1602470910462
-0.7259521484375,-0.3348388671875,-0.5106201171875,2170,1602470910470
-0.71435546875,-0.3184814453125,-0.51123046875,2171,1602470910485
-0.7515869140625,-0.3253173828125,-0.5208740234375,2171,1602470910492
-0.8104248046875,-0.33935546875,-0.5433349609375,2171,1602470910499
-0.8392333984375,-0.3485107421875,-0.5560302734375,2171,1602470910515
-0.8226318359375,-0.3504638671875,-0.5526123046875,2172,1602470910522
-0.78271484375,-0.33056640625,-0.5374755859375,2172,1602470910529
-0.7286376953125,-0.317626953125,-0.5098876953125,2172,1602470910544
-0.7220458984375,-0.328125,-0.5186767578125,2173,1602470910552
-0.780029296875,-0.3194580078125,-0.51416015625,2173,1602470910559
-0.810546875,-0.3450927734375,-0.5394287109375,2173,1602470910574
-0.803466796875,-0.359130859375,-0.566162109375,2173,1602470910582
-0.7535400390625,-0.35546875,-0.542236328125,2174,1602470910589
-0.7047119140625,-0.3406982421875,-0.56494140625,2174,1602470910604
-0.6552734375,-0.335693359375,-0.5706787109375,2174,1602470910612
-0.6845703125,-0.3109130859375,-0.5772705078125,2175,1602470910619
-0.774658203125,-0.3031005859375,-0.60107421875,2175,1602470910634
-0.81005859375,-0.330810546875,-0.6083984375,2175,1602470910642
-0.777587890625,-0.34912109375,-0.598876953125,2176,1602470910649
-0.7513427734375,-0.329345703125,-0.605712890625,2176,1602470910665
-0.7745361328125,-0.28515625,-0.6090087890625,2176,1602470910672
-0.794677734375,-0.2894287109375,-0.6248779296875,2176,1602470910679
-0.7723388671875,-0.33740234375,-0.6290283203125,2177,1602470910695
-0.741455078125,-0.341064453125,-0.6051025390625,2177,1602470910702
-0.7166748046875,-0.3037109375,-0.5947265625,2177,1602470910710
-0.7060546875,-0.289306640625,-0.60107421875,2178,1602470910724
-0.7154541015625,-0.2999267578125,-0.6053466796875,2178,1602470910732
-0.7164306640625,-0.317138671875,-0.605224609375,2178,1602470910739
-0.724609375,-0.3177490234375,-0.5916748046875,2179,1602470910754
-0.7752685546875,-0.3017578125,-0.5703125,2179,1602470910762
-0.8306884765625,-0.3070068359375,-0.570068359375,2179,1602470910769
-0.8255615234375,-0.3134765625,-0.5546875,2180,1602470910784
-0.7939453125,-0.302001953125,-0.5394287109375,2180,1602470910792
-0.78857421875,-0.287841796875,-0.54931640625,2180,1602470910799
-0.7584228515625,-0.3056640625,-0.550537109375,2180,1602470910814
-0.7109375,-0.3187255859375,-0.5638427734375,2181,1602470910822
-0.712646484375,-0.304443359375,-0.5758056640625,2181,1602470910829
-0.7288818359375,-0.300048828125,-0.572021484375,2181,1602470910844
-0.7576904296875,-0.3162841796875,-0.5740966796875,2182,1602470910853
-0.7877197265625,-0.325439453125,-0.5811767578125,2182,1602470910859
-0.81591796875,-0.3162841796875,-0.5633544921875,2182,1602470910875
-0.810302734375,-0.317626953125,-0.5302734375,2182,1602470910882
-0.743408203125,-0.3353271484375,-0.52197265625,2183,1602470910890
-0.73388671875,-0.31396484375,-0.550048828125,2183,1602470910905
-0.7904052734375,-0.304443359375,-0.5562744140625,2183,1602470910912
-0.8001708984375,-0.33154296875,-0.551513671875,2184,1602470910920
-0.7774658203125,-0.326171875,-0.5498046875,2184,1602470910935
-0.7730712890625,-0.2911376953125,-0.5570068359375,2184,1602470910942
-0.796142578125,-0.2685546875,-0.5704345703125,2184,1602470910949
-0.8255615234375,-0.2745361328125,-0.5623779296875,2185,1602470910964
-0.810546875,-0.3077392578125,-0.56298828125,2185,1602470910972
-0.7762451171875,-0.3248291015625,-0.576904296875,2185,1602470910979
-0.7545166015625,-0.314453125,-0.580078125,2186,1602470910994
-0.7305908203125,-0.313720703125,-0.5740966796875,2186,1602470911002
-0.7125244140625,-0.319091796875,-0.57421875,2186,1602470911009
-0.69921875,-0.3341064453125,-0.578857421875,2187,1602470911024
-0.7049560546875,-0.3240966796875,-0.5592041015625,2187,1602470911032
-0.76611328125,-0.30078125,-0.52978515625,2187,1602470911039
-0.8582763671875,-0.298095703125,-0.5159912109375,2188,1602470911054
-0.8974609375,-0.30810546875,-0.4903564453125,2188,1602470911062
-0.854736328125,-0.3109130859375,-0.4688720703125,2188,1602470911069
-0.830078125,-0.2923583984375,-0.4945068359375,2189,1602470911085
-0.8292236328125,-0.2841796875,-0.531005859375,2189,1602470911092
-0.798095703125,-0.302001953125,-0.5684814453125,2189,1602470911099
-0.774169921875,-0.30126953125,-0.5638427734375,2189,1602470911115
-0.7945556640625,-0.2852783203125,-0.5548095703125,2190,1602470911122
-0.8311767578125,-0.296630859375,-0.5458984375,2190,1602470911130
-0.8475341796875,-0.3331298828125,-0.5516357421875,2190,1602470911145
-0.8121337890625,-0.34912109375,-0.567138671875,2190,1602470911152
-0.7313232421875,-0.3316650390625,-0.5733642578125,2191,1602470911159
-0.7177734375,-0.2916259765625,-0.5699462890625,2191,1602470911174
-0.7838134765625,-0.2750244140625,-0.572509765625,2191,1602470911182
-0.82568359375,-0.307373046875,-0.5531005859375,2192,1602470911190
-0.7984619140625,-0.329833984375,-0.5286865234375,2192,1602470911205
-0.8079833984375,-0.3094482421875,-0.5067138671875,2192,1602470911212
-0.8212890625,-0.3016357421875,-0.4755859375,2193,1602470911219
-0.7965087890625,-0.3160400390625,-0.4398193359375,2193,1602470911235
-0.7711181640625,-0.3104248046875,-0.414306640625,2193,1602470911242
-0.77587890625,-0.298583984375,-0.4090576171875,2193,1602470911249
-0.798095703125,-0.310791015625,-0.429443359375,2194,1602470911265
-0.8170166015625,-0.339111328125,-0.47216796875,2194,1602470911272
-0.8055419921875,-0.354736328125,-0.502685546875,2194,1602470911279
-0.785400390625,-0.35205078125,-0.52490234375,2195,1602470911294
-0.78271484375,-0.34033203125,-0.53466796875,2195,1602470911302
-0.7913818359375,-0.3291015625,-0.537353515625,2195,1602470911310
-0.7984619140625,-0.322509765625,-0.5301513671875,2196,1602470911325
-0.7962646484375,-0.3265380859375,-0.531494140625,2196,1602470911332
-0.7725830078125,-0.3392333984375,-0.5450439453125,2196,1602470911340
-0.7498779296875,-0.3428955078125,-0.5555419921875,2196,1602470911355
-0.7647705078125,-0.330322265625,-0.54638671875,2197,1602470911362
-0.79736328125,-0.3240966796875,-0.5416259765625,2197,1602470911370
-0.7974853515625,-0.333251953125,-0.5242919921875,2198,1602470911385
-0.7784423828125,-0.33056640625,-0.518798828125,2198,1602470911392
-0.7781982421875,-0.3106689453125,-0.526123046875,2198,1602470911399
-0.780029296875,-0.3114013671875,-0.5252685546875,2198,1602470911414
-0.781982421875,-0.3270263671875,-0.528076171875,2199,1602470911422
-0.7825927734375,-0.332763671875,-0.5379638671875,2199,1602470911429
-0.77978515625,-0.331298828125,-0.5462646484375,2199,1602470911444
-0.7711181640625,-0.33984375,-0.5421142578125,2200,1602470911453
-0.7618408203125,-0.3402099609375,-0.5185546875,2200,1602470911459
-0.75048828125,-0.329345703125,-0.502197265625,2200,1602470911475
-0.7591552734375,-0.3212890625,-0.4989013671875,2200,1602470911482
-0.777099609375,-0.3270263671875,-0.5,2201,1602470911491
-0.79345703125,-0.3349609375,-0.5003662109375,2201,1602470911505
-0.801025390625,-0.3389892578125,-0.4986572265625,2201,1602470911512
-0.7900390625,-0.3463134765625,-0.5050048828125,2201,1602470911520
-0.7685546875,-0.346435546875,-0.519287109375,2202,1602470911527
-0.775146484375,-0.3392333984375,-0.5169677734375,2202,1602470911542
-0.7967529296875,-0.3387451171875,-0.5155029296875,2202,1602470911549
-0.80615234375,-0.35009765625,-0.5150146484375,2203,1602470911557
-0.806396484375,-0.3521728515625,-0.510498046875,2203,1602470911572
-0.813232421875,-0.3453369140625,-0.5140380859375,2203,1602470911579
-0.8046875,-0.341064453125,-0.5091552734375,2203,1602470911587
-0.793701171875,-0.337890625,-0.5059814453125,2204,1602470911602
-0.7899169921875,-0.3392333984375,-0.5166015625,2204,1602470911609
-0.8013916015625,-0.3372802734375,-0.52783203125,2204,1602470911617
-0.8089599609375,-0.337158203125,-0.5360107421875,2205,1602470911632
-0.800537109375,-0.340576171875,-0.5380859375,2205,1602470911640
-0.7880859375,-0.3399658203125,-0.5340576171875,2205,1602470911647
-0.784912109375,-0.33544921875,-0.523681640625,2206,1602470911662
-0.77587890625,-0.333984375,-0.5245361328125,2206,1602470911669
-0.7762451171875,-0.332275390625,-0.5205078125,2206,1602470911677
-0.7894287109375,-0.3359375,-0.52587890625,2207,1602470911692
-0.791015625,-0.337158203125,-0.5272216796875,2207,1602470911700
-0.7860107421875,-0.343017578125,-0.5302734375,2207,1602470911707
-0.794677734375,-0.3580322265625,-0.5316162109375,2207,1602470911722
-0.7781982421875,-0.3677978515625,-0.527587890625,2208,1602470911730
-0.74951171875,-0.348876953125,-0.5225830078125,2208,1602470911737
-0.7476806640625,-0.331298828125,-0.5186767578125,2208,1602470911752
-0.767578125,-0.33642578125,-0.5216064453125,2209,1602470911759
-0.78369140625,-0.343505859375,-0.5263671875,2209,1602470911767
-0.7889404296875,-0.3331298828125,-0.52783203125,2209,1602470911782
-0.79296875,-0.32568359375,-0.5306396484375,2210,1602470911789
-0.790771484375,-0.3299560546875,-0.5416259765625,2210,1602470911797
-0.780517578125,-0.331787109375,-0.543701171875,2210,1602470911812
-0.77490234375,-0.3226318359375,-0.53076171875,2210,1602470911819
-0.775390625,-0.3162841796875,-0.514404296875,2211,1602470911827
-0.7811279296875,-0.32275390625,-0.5048828125,2211,1602470911842
-0.7916259765625,-0.331298828125,-0.5042724609375,2211,1602470911850
-0.7923583984375,-0.3358154296875,-0.510009765625,2212,1602470911857
-0.804443359375,-0.335693359375,-0.51904296875,2212,1602470911872
-0.80810546875,-0.3477783203125,-0.5208740234375,2212,1602470911880
-0.798095703125,-0.355712890625,-0.5228271484375,2212,1602470911887
-0.785888671875,-0.3529052734375,-0.525390625,2213,1602470911902
-0.7816162109375,-0.3560791015625,-0.533935546875,2213,1602470911910
-0.7828369140625,-0.36767578125,-0.5419921875,2213,1602470911917
-0.771728515625,-0.356689453125,-0.5408935546875,2214,1602470911932
-0.7586669921875,-0.3388671875,-0.5389404296875,2214,1602470911940
-0.7708740234375,-0.3409423828125,-0.54345703125,2214,1602470911947
-0.791748046875,-0.3524169921875,-0.5426025390625,2215,1602470911962
-0.7930908203125,-0.353271484375,-0.5330810546875,2215,1602470911970
-0.776123046875,-0.3514404296875,-0.525390625,2215,1602470911977
-0.7432861328125,-0.34130859375,-0.517822265625,2216,1602470911992
-0.7188720703125,-0.333740234375,-0.5205078125,2216,1602470911999
-0.7259521484375,-0.33154296875,-0.539306640625,2216,1602470912007
-0.7603759765625,-0.33251953125,-0.55810546875,2217,1602470912022
-0.803466796875,-0.346435546875,-0.586181640625,2217,1602470912030
-0.7977294921875,-0.368896484375,-0.57373046875,2217,1602470912037
-0.7113037109375,-0.367431640625,-0.494384765625,2217,1602470912052
-0.73388671875,-0.345703125,-0.5198974609375,2218,1602470912059
-0.781494140625,-0.3310546875,-0.552001953125,2218,1602470912067
-0.786865234375,-0.3563232421875,-0.5684814453125,2218,1602470912082
-0.779296875,-0.3729248046875,-0.577392578125,2219,1602470912089
-0.77099609375,-0.35107421875,-0.58154296875,2219,1602470912097
-0.7294921875,-0.3275146484375,-0.573974609375,2219,1602470912112
-0.71533203125,-0.3370361328125,-0.5950927734375,2220,1602470912120
-0.747314453125,-0.376953125,-0.6121826171875,2220,1602470912127
-0.7418212890625,-0.376708984375,-0.62060546875,2220,1602470912150
-0.6920166015625,-0.3509521484375,-0.63623046875,2221,1602470912157
-0.6834716796875,-0.334228515625,-0.5125732421875,2221,1602470912164
-0.783203125,-0.3253173828125,-0.5244140625,2221,1602470912172
-0.80615234375,-0.311767578125,-0.489990234375,2221,1602470912180
-0.767822265625,-0.3314208984375,-0.4755859375,2221,1602470912187
-0.74267578125,-0.338623046875,-0.5560302734375,2222,1602470912202
-0.7001953125,-0.366943359375,-0.598876953125,2222,1602470912210
-0.7269287109375,-0.4049072265625,-0.6134033203125,2222,1602470912217
-0.7584228515625,-0.4185791015625,-0.6259765625,2223,1602470912232
-0.7459716796875,-0.3927001953125,-0.636962890625,2223,1602470912239
-0.7254638671875,-0.3692626953125,-0.645263671875,2223,1602470912247
-0.7034912109375,-0.378173828125,-0.652099609375,2224,1602470912262
-0.7183837890625,-0.369873046875,-0.7139892578125,2224,1602470912269
-0.6383056640625,-0.338134765625,-0.6143798828125,2224,1602470912277
-0.5316162109375,-0.3189697265625,-0.5089111328125,2225,1602470912292
-0.6177978515625,-0.298583984375,-0.5672607421875,2225,1602470912299
-0.671142578125,-0.3203125,-0.6055908203125,2225,1602470912307
-0.6597900390625,-0.3685302734375,-0.66845703125,2225,1602470912322
-0.664306640625,-0.384765625,-0.6756591796875,2226,1602470912329
-0.689208984375,-0.383056640625,-0.683837890625,2226,1602470912337
-0.7357177734375,-0.3626708984375,-0.7147216796875,2226,1602470912352
-0.7587890625,-0.349609375,-0.7265625,2227,1602470912360
-0.69091796875,-0.390625,-0.6785888671875,2227,1602470912367
-0.564453125,-0.4083251953125,-0.567626953125,2227,1602470912382
-0.57080078125,-0.3558349609375,-0.6011962890625,2228,1602470912390
-0.6510009765625,-0.319091796875,-0.6688232421875,2228,1602470912397
-0.6734619140625,-0.3687744140625,-0.6884765625,2228,1602470912412
-0.6524658203125,-0.4288330078125,-0.7349853515625,2228,1602470912420
-0.60400390625,-0.412353515625,-0.7471923828125,2229,1602470912427
-0.6282958984375,-0.372314453125,-0.766845703125,2229,1602470912442
-0.63427734375,-0.364501953125,-0.75048828125,2229,1602470912450
-0.60400390625,-0.3740234375,-0.6773681640625,2230,1602470912457
-0.63330078125,-0.3692626953125,-0.705322265625,2230,1602470912472
-0.6363525390625,-0.3740234375,-0.722900390625,2230,1602470912479
-0.5760498046875,-0.359375,-0.7041015625,2230,1602470912487
-0.568115234375,-0.3399658203125,-0.7115478515625,2231,1602470912502
-0.5718994140625,-0.34423828125,-0.6318359375,2231,1602470912517
-0.3670654296875,-0.289794921875,-0.2529296875,2232,1602470912525
-0.60400390625,-0.3155517578125,-0.9920654296875,2232,1602470912532
-0.9010009765625,-0.6180419921875,-1.108154296875,2232,1602470912540
-0.4351806640625,-0.4342041015625,-0.5260009765625,2232,1602470912547
-0.506103515625,-0.231201171875,-0.703857421875,2233,1602470912562
-0.6380615234375,-0.2923583984375,-0.74365234375,2233,1602470912570
-0.63818359375,-0.3770751953125,-0.65576171875,2233,1602470912577
-0.6563720703125,-0.4337158203125,-0.668212890625,2234,1602470912592
-0.62646484375,-0.4305419921875,-0.6678466796875,2234,1602470912600
-0.55078125,-0.4014892578125,-0.67236328125,2234,1602470912607
-0.5643310546875,-0.4002685546875,-0.724609375,2234,1602470912622
-0.5352783203125,-0.395751953125,-0.7325439453125,2235,1602470912630
-0.5372314453125,-0.371337890625,-0.7886962890625,2235,1602470912637
-0.5615234375,-0.3797607421875,-0.7685546875,2235,1602470912652
-0.6112060546875,-0.3948974609375,-0.7122802734375,2236,1602470912660
-0.6776123046875,-0.3944091796875,-0.70263671875,2236,1602470912667
-0.6263427734375,-0.375244140625,-0.702392578125,2236,1602470912675
-0.520751953125,-0.36083984375,-0.685302734375,2236,1602470912689
-0.5587158203125,-0.345703125,-0.7196044921875,2237,1602470912697
-0.7039794921875,-0.349365234375,-0.7237548828125,2237,1602470912705
-0.708251953125,-0.3831787109375,-0.688720703125,2238,1602470912727
-0.5987548828125,-0.3814697265625,-0.6875,2238,1602470912735
-0.585693359375,-0.339111328125,-0.7056884765625,2238,1602470912742
-0.5889892578125,-0.319091796875,-0.6805419921875,2238,1602470912750
-0.6302490234375,-0.340576171875,-0.6737060546875,2239,1602470912757
-0.66357421875,-0.3856201171875,-0.6715087890625,2239,1602470912765
-0.6417236328125,-0.3922119140625,-0.6612548828125,2239,1602470912780
-0.6134033203125,-0.3787841796875,-0.6676025390625,2239,1602470912787
-0.627197265625,-0.364990234375,-0.707763671875,2240,1602470912795
-0.650390625,-0.3551025390625,-0.7196044921875,2240,1602470912817
-0.6707763671875,-0.3663330078125,-0.7359619140625,2241,1602470912825
-0.6336669921875,-0.3846435546875,-0.7607421875,2241,1602470912832
-0.549560546875,-0.37353515625,-0.7391357421875,2241,1602470912840
-0.516357421875,-0.35986328125,-0.67236328125,2241,1602470912847
-0.5093994140625,-0.37255859375,-0.6943359375,2241,1602470912855
-0.558349609375,-0.3846435546875,-0.711181640625,2242,1602470912870
-0.60498046875,-0.3662109375,-0.725830078125,2242,1602470912877
-0.6044921875,-0.3211669921875,-0.7357177734375,2242,1602470912885
-0.617431640625,-0.320068359375,-0.71533203125,2243,1602470912899
-0.546142578125,-0.3626708984375,-0.684814453125,2243,1602470912907
-0.5582275390625,-0.35693359375,-0.6962890625,2243,1602470912915
-0.6314697265625,-0.328125,-0.67333984375,2244,1602470912930
-0.6004638671875,-0.318359375,-0.6768798828125,2244,1602470912937
-0.554931640625,-0.31396484375,-0.72607421875,2244,1602470912945
-0.5677490234375,-0.3421630859375,-0.741943359375,2244,1602470912960
-0.6221923828125,-0.3935546875,-0.75439453125,2245,1602470912967
-0.654296875,-0.4237060546875,-0.75390625,2245,1602470912975
-0.6123046875,-0.40673828125,-0.7313232421875,2245,1602470912990
-0.525634765625,-0.367431640625,-0.7264404296875,2246,1602470912997
-0.4930419921875,-0.3382568359375,-0.7781982421875,2246,1602470913005
-0.52197265625,-0.3330078125,-0.7838134765625,2246,1602470913020
-0.5501708984375,-0.331787109375,-0.7640380859375,2247,1602470913027
-0.6107177734375,-0.3341064453125,-0.7843017578125,2247,1602470913035
-0.70751953125,-0.3468017578125,-0.77490234375,2247,1602470913050
-0.696533203125,-0.3587646484375,-0.7286376953125,2247,1602470913057
-0.6282958984375,-0.3419189453125,-0.7442626953125,2248,1602470913065
-0.6278076171875,-0.3106689453125,-0.734375,2248,1602470913080
-0.637451171875,-0.310791015625,-0.7337646484375,2248,1602470913087
-0.5943603515625,-0.35400390625,-0.76123046875,2249,1602470913095
-0.572998046875,-0.362548828125,-0.7349853515625,2249,1602470913110
-0.626708984375,-0.3231201171875,-0.7406005859375,2249,1602470913117
-0.6864013671875,-0.301025390625,-0.729248046875,2250,1602470913125
-0.6680908203125,-0.337890625,-0.716796875,2250,1602470913140
-0.6368408203125,-0.357666015625,-0.6998291015625,2250,1602470913147
-0.6422119140625,-0.3311767578125,-0.703125,2250,1602470913154
-0.653076171875,-0.314697265625,-0.7059326171875,2251,1602470913170
-0.5970458984375,-0.30078125,-0.7000732421875,2251,1602470913177
-0.5496826171875,-0.3013916015625,-0.70751953125,2251,1602470913185
-0.5894775390625,-0.3370361328125,-0.7203369140625,2252,1602470913199
-0.6611328125,-0.372802734375,-0.728515625,2252,1602470913207
-0.6695556640625,-0.364013671875,-0.73828125,2252,1602470913215
-0.6143798828125,-0.3402099609375,-0.725830078125,2253,1602470913230
-0.5736083984375,-0.3411865234375,-0.690185546875,2253,1602470913237
-0.5528564453125,-0.3289794921875,-0.6636962890625,2253,1602470913245
-0.5762939453125,-0.32861328125,-0.66748046875,2254,1602470913260
-0.612060546875,-0.35400390625,-0.6827392578125,2254,1602470913267
-0.615966796875,-0.3704833984375,-0.7135009765625,2254,1602470913275
-0.6065673828125,-0.3736572265625,-0.73876953125,2254,1602470913290
-0.5897216796875,-0.3853759765625,-0.7412109375,2255,1602470913297
-0.6029052734375,-0.39599609375,-0.741943359375,2255,1602470913305
-0.6116943359375,-0.389892578125,-0.73828125,2255,1602470913320
-0.5723876953125,-0.3792724609375,-0.73828125,2255,1602470913327
-0.540771484375,-0.3577880859375,-0.748046875,2256,1602470913335
-0.54931640625,-0.3505859375,-0.7479248046875,2256,1602470913350
-0.5673828125,-0.3653564453125,-0.7645263671875,2257,1602470913365
-0.572998046875,-0.3724365234375,-0.7559814453125,2257,1602470913372
-0.587646484375,-0.344482421875,-0.75,2257,1602470913380
-0.59814453125,-0.3404541015625,-0.7410888671875,2257,1602470913387
-0.586181640625,-0.382080078125,-0.7119140625,2257,1602470913395
-0.5789794921875,-0.39013671875,-0.679931640625,2258,1602470913410
-0.5736083984375,-0.3592529296875,-0.6761474609375,2258,1602470913417
-0.58642578125,-0.324951171875,-0.67333984375,2258,1602470913425
-0.596435546875,-0.3365478515625,-0.69482421875,2259,1602470913440
-0.5931396484375,-0.3548583984375,-0.6873779296875,2259,1602470913447
-0.599365234375,-0.34765625,-0.6669921875,2259,1602470913455
-0.63330078125,-0.3243408203125,-0.64697265625,2260,1602470913470
-0.6541748046875,-0.3277587890625,-0.6451416015625,2260,1602470913477
-0.6551513671875,-0.3609619140625,-0.6641845703125,2260,1602470913485
-0.6265869140625,-0.3856201171875,-0.692138671875,2261,1602470913500
-0.6160888671875,-0.3927001953125,-0.7178955078125,2261,1602470913507
-0.6005859375,-0.4150390625,-0.7623291015625,2261,1602470913515
-0.55810546875,-0.4302978515625,-0.76416015625,2262,1602470913530
-0.5550537109375,-0.38720703125,-0.738525390625,2262,1602470913537
-0.59521484375,-0.3284912109375,-0.7186279296875,2262,1602470913545
-0.64404296875,-0.33203125,-0.702392578125,2262,1602470913560
-0.6541748046875,-0.3792724609375,-0.69970703125,2263,1602470913567
-0.6260986328125,-0.392578125,-0.7027587890625,2263,1602470913575
-0.6278076171875,-0.362548828125,-0.7012939453125,2263,1602470913590
-0.665771484375,-0.3602294921875,-0.696533203125,2264,1602470913597
-0.6904296875,-0.3763427734375,-0.6905517578125,2264,1602470913605
-0.6588134765625,-0.3709716796875,-0.6995849609375,2264,1602470913620
-0.60205078125,-0.3631591796875,-0.7244873046875,2264,1602470913627
-0.5877685546875,-0.3721923828125,-0.729736328125,2265,1602470913635
-0.5948486328125,-0.3779296875,-0.727783203125,2265,1602470913650
-0.6005859375,-0.36376953125,-0.7203369140625,2265,1602470913657
-0.6011962890625,-0.343994140625,-0.710205078125,2266,1602470913665
-0.5955810546875,-0.3472900390625,-0.702880859375,2266,1602470913680
-0.5911865234375,-0.35888671875,-0.6983642578125,2266,1602470913687
-0.6060791015625,-0.3690185546875,-0.6973876953125,2266,1602470913695
-0.6317138671875,-0.3798828125,-0.690673828125,2267,1602470913710
-0.63037109375,-0.3751220703125,-0.660888671875,2267,1602470913717
-0.5662841796875,-0.3970947265625,-0.6485595703125,2267,1602470913725
-0.5299072265625,-0.3861083984375,-0.6614990234375,2268,1602470913740
-0.5367431640625,-0.3338623046875,-0.6890869140625,2268,1602470913747
-0.6055908203125,-0.325439453125,-0.695556640625,2268,1602470913755
-0.6695556640625,-0.3656005859375,-0.6971435546875,2269,1602470913770
-0.69677734375,-0.4058837890625,-0.6732177734375,2269,1602470913777
-0.6832275390625,-0.396240234375,-0.6417236328125,2269,1602470913785
-0.6517333984375,-0.383056640625,-0.6259765625,2269,1602470913792
-0.643798828125,-0.3807373046875,-0.640380859375,2270,1602470913807
-0.662841796875,-0.36181640625,-0.6490478515625,2270,1602470913815
-0.6326904296875,-0.3785400390625,-0.675048828125,2270,1602470913822
-0.615234375,-0.372802734375,-0.6929931640625,2271,1602470913837
-0.6767578125,-0.356201171875,-0.7049560546875,2271,1602470913845
-0.6998291015625,-0.3790283203125,-0.7188720703125,2271,1602470913852
-0.7056884765625,-0.404296875,-0.7271728515625,2272,1602470913867
-0.69140625,-0.381103515625,-0.7076416015625,2272,1602470913875
-0.6600341796875,-0.335205078125,-0.6876220703125,2272,1602470913882
-0.656005859375,-0.347412109375,-0.67333984375,2273,1602470913897
-0.6649169921875,-0.3734130859375,-0.6553955078125,2273,1602470913905
-0.664794921875,-0.3746337890625,-0.6488037109375,2273,1602470913912
-0.6729736328125,-0.355712890625,-0.6329345703125,2273,1602470913927
-0.6783447265625,-0.34033203125,-0.5806884765625,2274,1602470913935
-0.6514892578125,-0.35986328125,-0.595947265625,2274,1602470913942
-0.5823974609375,-0.3643798828125,-0.61767578125,2274,1602470913957
-0.525634765625,-0.3597412109375,-0.6273193359375,2275,1602470913965
-0.5283203125,-0.359130859375,-0.663330078125,2275,1602470913972
-0.5694580078125,-0.3724365234375,-0.7042236328125,2275,1602470913987
-0.6312255859375,-0.3931884765625,-0.7147216796875,2275,1602470913995
-0.66259765625,-0.4132080078125,-0.7200927734375,2276,1602470914002
-0.6827392578125,-0.41845703125,-0.7113037109375,2276,1602470914017
-0.67578125,-0.4007568359375,-0.685791015625,2276,1602470914025
-0.61767578125,-0.3687744140625,-0.6705322265625,2277,1602470914032
-0.5623779296875,-0.335693359375,-0.683837890625,2277,1602470914047
-0.5677490234375,-0.335205078125,-0.699462890625,2277,1602470914055
-0.634521484375,-0.371337890625,-0.70556640625,2277,1602470914062
-0.67822265625,-0.404296875,-0.7142333984375,2278,1602470914077
-0.67724609375,-0.3934326171875,-0.6983642578125,2278,1602470914085
-0.6761474609375,-0.365966796875,-0.683349609375,2278,1602470914092
-0.6715087890625,-0.3558349609375,-0.692138671875,2279,1602470914107
-0.6207275390625,-0.3492431640625,-0.6878662109375,2279,1602470914115
-0.5760498046875,-0.329345703125,-0.660888671875,2279,1602470914122
-0.603515625,-0.3145751953125,-0.672607421875,2280,1602470914137
-0.6494140625,-0.323486328125,-0.67578125,2280,1602470914145
-0.683837890625,-0.3587646484375,-0.693359375,2280,1602470914152
-0.6754150390625,-0.39453125,-0.698974609375,2281,1602470914167
-0.6568603515625,-0.3870849609375,-0.68408203125,2281,1602470914175
-0.660888671875,-0.3525390625,-0.665283203125,2281,1602470914182
-0.65673828125,-0.3516845703125,-0.6953125,2282,1602470914197
-0.6424560546875,-0.3824462890625,-0.7371826171875,2282,1602470914205
-0.5845947265625,-0.386474609375,-0.7255859375,2282,1602470914212
-0.5772705078125,-0.3470458984375,-0.7176513671875,2282,1602470914227
-0.6209716796875,-0.339599609375,-0.72412109375,2283,1602470914235
-0.669189453125,-0.374267578125,-0.730712890625,2283,1602470914242
-0.668701171875,-0.391845703125,-0.70361328125,2283,1602470914257
-0.68408203125,-0.3765869140625,-0.700927734375,2284,1602470914265
-0.703369140625,-0.3502197265625,-0.68115234375,2284,1602470914272
-0.6737060546875,-0.342041015625,-0.6561279296875,2284,1602470914287
-0.6478271484375,-0.337646484375,-0.656005859375,2284,1602470914295
-0.658203125,-0.3355712890625,-0.6788330078125,2285,1602470914302
-0.6571044921875,-0.3468017578125,-0.6068115234375,2285,1602470914317
-0.5970458984375,-0.3753662109375,-0.642578125,2285,1602470914325
-0.5482177734375,-0.39013671875,-0.646240234375,2286,1602470914332
-0.616943359375,-0.3623046875,-0.6290283203125,2286,1602470914347
-0.747314453125,-0.351318359375,-0.6502685546875,2286,1602470914355
-0.7677001953125,-0.3741455078125,-0.6685791015625,2286,1602470914362
-0.718505859375,-0.344970703125,-0.6680908203125,2287,1602470914377
-0.6287841796875,-0.2958984375,-0.63916015625,2287,1602470914385
-0.6024169921875,-0.33544921875,-0.64794921875,2287,1602470914392
-0.6229248046875,-0.39453125,-0.6446533203125,2288,1602470914407
-0.65771484375,-0.3939208984375,-0.6099853515625,2288,1602470914415
-0.6650390625,-0.38623046875,-0.6302490234375,2288,1602470914422
-0.61767578125,-0.391357421875,-0.683349609375,2289,1602470914437
-0.561279296875,-0.3699951171875,-0.684814453125,2289,1602470914445
-0.5916748046875,-0.3427734375,-0.702880859375,2289,1602470914452
-0.686279296875,-0.3624267578125,-0.7232666015625,2290,1602470914475
-0.730224609375,-0.401123046875,-0.6884765625,2290,1602470914490
-0.7081298828125,-0.39453125,-0.6834716796875,2291,1602470914497
-0.6317138671875,-0.3597412109375,-0.6497802734375,2291,1602470914505
-0.616943359375,-0.3494873046875,-0.68798828125,2291,1602470914512
-0.548095703125,-0.3572998046875,-0.68603515625,2291,1602470914520
-0.4915771484375,-0.34375,-0.73828125,2291,1602470914527
-0.592529296875,-0.33642578125,-0.7164306640625,2292,1602470914542
-0.7120361328125,-0.362548828125,-0.697509765625,2292,1602470914550
-0.7586669921875,-0.3929443359375,-0.669189453125,2292,1602470914557
-0.7403564453125,-0.3934326171875,-0.622314453125,2293,1602470914565
-0.7386474609375,-0.3748779296875,-0.60791015625,2293,1602470914572
-0.7359619140625,-0.3453369140625,-0.5965576171875,2293,1602470914587
-0.6995849609375,-0.3251953125,-0.614990234375,2293,1602470914595
-0.675537109375,-0.337646484375,-0.64306640625,2294,1602470914602
-0.64306640625,-0.3502197265625,-0.6607666015625,2294,1602470914617
-0.59716796875,-0.347900390625,-0.6756591796875,2294,1602470914625
-0.61962890625,-0.3431396484375,-0.6572265625,2295,1602470914632
-0.688720703125,-0.3349609375,-0.6417236328125,2295,1602470914647
-0.7310791015625,-0.359375,-0.649658203125,2295,1602470914655
-0.6851806640625,-0.3984375,-0.65869140625,2295,1602470914662
-0.65283203125,-0.406494140625,-0.666748046875,2296,1602470914677
-0.647705078125,-0.3916015625,-0.658447265625,2296,1602470914685
-0.648681640625,-0.3602294921875,-0.642578125,2296,1602470914692
-0.6741943359375,-0.3138427734375,-0.647705078125,2297,1602470914707
-0.7022705078125,-0.3172607421875,-0.672119140625,2297,1602470914715
-0.656494140625,-0.3453369140625,-0.6654052734375,2297,1602470914722
-0.6279296875,-0.3477783203125,-0.662353515625,2298,1602470914737
-0.65283203125,-0.3670654296875,-0.6739501953125,2298,1602470914745
-0.641357421875,-0.404541015625,-0.68505859375,2298,1602470914752
-0.6170654296875,-0.3785400390625,-0.6947021484375,2299,1602470914767
-0.633056640625,-0.335205078125,-0.69873046875,2299,1602470914775
-0.6778564453125,-0.3382568359375,-0.7020263671875,2299,1602470914782
-0.6878662109375,-0.3624267578125,-0.690185546875,2299,1602470914797
-0.653564453125,-0.3828125,-0.6622314453125,2300,1602470914805
-0.6168212890625,-0.38525390625,-0.6646728515625,2300,1602470914812
-0.6396484375,-0.3509521484375,-0.6611328125,2300,1602470914827
-0.6783447265625,-0.3367919921875,-0.6285400390625,2301,1602470914835
-0.68017578125,-0.3895263671875,-0.6407470703125,2301,1602470914842
-0.6346435546875,-0.418212890625,-0.650390625,2301,1602470914857
-0.63427734375,-0.3687744140625,-0.651123046875,2302,1602470914865
-0.705322265625,-0.3265380859375,-0.632080078125,2302,1602470914872
-0.7352294921875,-0.336181640625,-0.6016845703125,2302,1602470914880
-0.712646484375,-0.3731689453125,-0.6173095703125,2303,1602470914902
-0.663818359375,-0.389892578125,-0.6248779296875,2303,1602470914910
-0.6712646484375,-0.3486328125,-0.6314697265625,2303,1602470914917
-0.6788330078125,-0.33935546875,-0.6156005859375,2303,1602470914925
-0.6702880859375,-0.3663330078125,-0.630615234375,2304,1602470914932
-0.68603515625,-0.3736572265625,-0.6583251953125,2304,1602470914940
-0.68115234375,-0.355224609375,-0.6328125,2304,1602470914955
-0.677734375,-0.3541259765625,-0.6021728515625,2304,1602470914962
-0.7098388671875,-0.377197265625,-0.61572265625,2305,1602470914970
-0.723876953125,-0.3780517578125,-0.6220703125,2305,1602470914985
-0.7269287109375,-0.3560791015625,-0.6231689453125,2305,1602470914992
-0.7012939453125,-0.348388671875,-0.6063232421875,2306,1602470915003
-0.6533203125,-0.35107421875,-0.61865234375,2306,1602470915022
-0.6326904296875,-0.36083984375,-0.65478515625,2306,1602470915030
-0.67626953125,-0.367431640625,-0.6839599609375,2307,1602470915045
-0.68408203125,-0.3492431640625,-0.662109375,2307,1602470915052
-0.6927490234375,-0.335693359375,-0.657470703125,2307,1602470915060
-0.7381591796875,-0.3341064453125,-0.6380615234375,2308,1602470915067
-0.750732421875,-0.317626953125,-0.569580078125,2308,1602470915075
-0.7008056640625,-0.3150634765625,-0.5849609375,2308,1602470915082
-0.6722412109375,-0.3336181640625,-0.60107421875,2308,1602470915090
-0.71435546875,-0.36669921875,-0.606201171875,2309,1602470915105
-0.750732421875,-0.410400390625,-0.6434326171875,2309,1602470915112
-0.7337646484375,-0.402587890625,-0.6534423828125,2309,1602470915120
-0.7266845703125,-0.33837890625,-0.63525390625,2310,1602470915135
-0.7451171875,-0.32275390625,-0.6290283203125,2310,1602470915142
-0.7420654296875,-0.3621826171875,-0.629638671875,2310,1602470915150
-0.7056884765625,-0.3907470703125,-0.630615234375,2310,1602470915165
-0.66015625,-0.38671875,-0.669921875,2311,1602470915172
-0.6671142578125,-0.3529052734375,-0.69873046875,2311,1602470915180
-0.69189453125,-0.337158203125,-0.690673828125,2311,1602470915195
-0.6734619140625,-0.3599853515625,-0.676513671875,2312,1602470915203
-0.6522216796875,-0.3599853515625,-0.655517578125,2312,1602470915210
-0.68505859375,-0.335205078125,-0.65283203125,2312,1602470915225
-0.7314453125,-0.3314208984375,-0.6126708984375,2313,1602470915232
-0.729248046875,-0.3818359375,-0.5908203125,2313,1602470915240
-0.70703125,-0.40869140625,-0.537841796875,2313,1602470915255
-0.676513671875,-0.369873046875,-0.5172119140625,2313,1602470915262
-0.6981201171875,-0.294677734375,-0.4794921875,2314,1602470915270
-0.728759765625,-0.2904052734375,-0.4932861328125,2314,1602470915285
-0.7320556640625,-0.3494873046875,-0.561279296875,2314,1602470915292
-0.7073974609375,-0.365234375,-0.584228515625,2315,1602470915300
-0.7130126953125,-0.3541259765625,-0.587158203125,2315,1602470915315
-0.7547607421875,-0.3687744140625,-0.5941162109375,2315,1602470915322
-0.7098388671875,-0.36181640625,-0.561767578125,2315,1602470915330
-0.71533203125,-0.3800048828125,-0.6173095703125,2316,1602470915345
-0.6881103515625,-0.362060546875,-0.5772705078125,2316,1602470915352
-0.6793212890625,-0.3289794921875,-0.6231689453125,2316,1602470915360
-0.7166748046875,-0.3231201171875,-0.6041259765625,2317,1602470915375
-0.775634765625,-0.3525390625,-0.600341796875,2317,1602470915382
-0.789794921875,-0.37255859375,-0.6085205078125,2317,1602470915390
-0.7637939453125,-0.3360595703125,-0.5511474609375,2318,1602470915405
-0.709716796875,-0.3228759765625,-0.5557861328125,2318,1602470915412
-0.731201171875,-0.383056640625,-0.6346435546875,2318,1602470915420
-0.6990966796875,-0.41259765625,-0.619384765625,2319,1602470915435
-0.6588134765625,-0.3892822265625,-0.6591796875,2319,1602470915442
-0.7017822265625,-0.35595703125,-0.6806640625,2319,1602470915450
-0.73193359375,-0.35791015625,-0.6380615234375,2319,1602470915465
-0.7576904296875,-0.3582763671875,-0.6417236328125,2320,1602470915472
-0.7418212890625,-0.3299560546875,-0.620361328125,2320,1602470915480
-0.74853515625,-0.318115234375,-0.6177978515625,2320,1602470915495
-0.7471923828125,-0.3621826171875,-0.62451171875,2321,1602470915502
-0.73388671875,-0.410400390625,-0.641845703125,2321,1602470915510
-0.72265625,-0.3822021484375,-0.6243896484375,2321,1602470915525
-0.6971435546875,-0.3251953125,-0.60888671875,2321,1602470915532
-0.6920166015625,-0.3109130859375,-0.6173095703125,2322,1602470915540
-0.673828125,-0.3333740234375,-0.6168212890625,2322,1602470915555
-0.6796875,-0.3538818359375,-0.6025390625,2322,1602470915562
-0.6634521484375,-0.3759765625,-0.584228515625,2323,1602470915570
-0.67138671875,-0.3670654296875,-0.579833984375,2323,1602470915585
-0.742919921875,-0.3258056640625,-0.568115234375,2323,1602470915592
-0.83203125,-0.2720947265625,-0.409912109375,2324,1602470915607
-0.874267578125,-0.30126953125,-0.4786376953125,2324,1602470915615
-0.791748046875,-0.3421630859375,-0.511962890625,2324,1602470915622
-0.722900390625,-0.3746337890625,-0.5560302734375,2324,1602470915630
-0.7547607421875,-0.397705078125,-0.583740234375,2325,1602470915645
-0.7723388671875,-0.3922119140625,-0.5732421875,2325,1602470915652
-0.7760009765625,-0.353515625,-0.5732421875,2325,1602470915660
-0.7471923828125,-0.3385009765625,-0.5926513671875,2326,1602470915675
-0.721923828125,-0.340087890625,-0.5909423828125,2326,1602470915682
-0.742919921875,-0.326171875,-0.5634765625,2326,1602470915690
-0.77880859375,-0.318115234375,-0.51513671875,2327,1602470915705
-0.7841796875,-0.3436279296875,-0.5242919921875,2327,1602470915712
-0.77783203125,-0.3521728515625,-0.553955078125,2327,1602470915727
-0.7545166015625,-0.3531494140625,-0.573486328125,2327,1602470915735
-0.7149658203125,-0.369384765625,-0.5838623046875,2328,1602470915742
-0.694580078125,-0.382080078125,-0.59521484375,2328,1602470915750
-0.7039794921875,-0.3856201171875,-0.606201171875,2328,1602470915765
-0.7054443359375,-0.3800048828125,-0.620361328125,2329,1602470915772
-0.6839599609375,-0.3668212890625,-0.6192626953125,2329,1602470915780
-0.70849609375,-0.351806640625,-0.62744140625,2329,1602470915795
-0.7584228515625,-0.3482666015625,-0.6375732421875,2330,1602470915802
-0.7677001953125,-0.34912109375,-0.624755859375,2330,1602470915810
-0.7357177734375,-0.3614501953125,-0.601318359375,2330,1602470915825
-0.6903076171875,-0.384033203125,-0.5953369140625,2330,1602470915832
-0.69140625,-0.3675537109375,-0.6041259765625,2331,1602470915840
-0.7113037109375,-0.3375244140625,-0.6138916015625,2331,1602470915855
-0.755615234375,-0.3251953125,-0.590576171875,2331,1602470915862
-0.7242431640625,-0.34521484375,-0.569580078125,2332,1602470915870
-0.677978515625,-0.3699951171875,-0.544189453125,2332,1602470915885
-0.6478271484375,-0.349609375,-0.503662109375,2332,1602470915892
-0.699462890625,-0.3201904296875,-0.478515625,2332,1602470915900
-0.7576904296875,-0.314453125,-0.462158203125,2333,1602470915915
-0.76318359375,-0.3328857421875,-0.496826171875,2333,1602470915922
-0.756591796875,-0.35400390625,-0.544189453125,2333,1602470915930
-0.761962890625,-0.3572998046875,-0.5751953125,2334,1602470915945
-0.808837890625,-0.353271484375,-0.5576171875,2334,1602470915952
-0.8067626953125,-0.39501953125,-0.5860595703125,2334,1602470915960
-0.7642822265625,-0.4134521484375,-0.593017578125,2335,1602470915975
-0.7034912109375,-0.369384765625,-0.5740966796875,2335,1602470915982
-0.70166015625,-0.337890625,-0.5794677734375,2335,1602470915990
-0.72802734375,-0.337890625,-0.59326171875,2335,1602470915997
-0.7301025390625,-0.3612060546875,-0.618408203125,2336,1602470916012
-0.6903076171875,-0.3800048828125,-0.6448974609375,2336,1602470916020
-0.6549072265625,-0.3740234375,-0.657470703125,2336,1602470916027
-0.6861572265625,-0.354736328125,-0.63623046875,2337,1602470916042
-0.79736328125,-0.3431396484375,-0.617919921875,2337,1602470916050
-0.8353271484375,-0.3619384765625,-0.5968017578125,2337,1602470916057
-0.7655029296875,-0.387451171875,-0.6441650390625,2338,1602470916072
-0.7064208984375,-0.378173828125,-0.6783447265625,2338,1602470916080
-0.6590576171875,-0.334228515625,-0.6129150390625,2338,1602470916087
-0.690185546875,-0.3189697265625,-0.569091796875,2338,1602470916102
-0.7508544921875,-0.3482666015625,-0.5723876953125,2339,1602470916110
-0.734130859375,-0.3712158203125,-0.5908203125,2339,1602470916117
-0.7099609375,-0.3526611328125,-0.6146240234375,2339,1602470916132
-0.7142333984375,-0.318603515625,-0.6151123046875,2340,1602470916140
-0.695068359375,-0.314453125,-0.605712890625,2340,1602470916147
-0.6622314453125,-0.3267822265625,-0.5748291015625,2340,1602470916162
-0.7069091796875,-0.318603515625,-0.557861328125,2341,1602470916170
-0.7972412109375,-0.31787109375,-0.5838623046875,2341,1602470916177
-0.8232421875,-0.34619140625,-0.605224609375,2341,1602470916192
-0.759033203125,-0.362060546875,-0.6273193359375,2341,1602470916200
-0.66162109375,-0.352783203125,-0.6668701171875,2342,1602470916207
-0.630126953125,-0.3486328125,-0.68359375,2342,1602470916222
-0.671630859375,-0.3582763671875,-0.6829833984375,2342,1602470916230
-0.691650390625,-0.370849609375,-0.6796875,2343,1602470916237
-0.6630859375,-0.373291015625,-0.647705078125,2343,1602470916252
-0.5950927734375,-0.3585205078125,-0.625,2343,1602470916260
-0.5963134765625,-0.3314208984375,-0.6375732421875,2343,1602470916267
-0.633056640625,-0.3463134765625,-0.635009765625,2344,1602470916282
-0.696533203125,-0.3912353515625,-0.6317138671875,2344,1602470916290
-0.75927734375,-0.402099609375,-0.6190185546875,2344,1602470916297
-0.765380859375,-0.3797607421875,-0.616943359375,2345,1602470916312
-0.730224609375,-0.35986328125,-0.6204833984375,2345,1602470916320
-0.6944580078125,-0.3409423828125,-0.6163330078125,2345,1602470916327
-0.6898193359375,-0.318359375,-0.6094970703125,2346,1602470916342
-0.6959228515625,-0.3056640625,-0.6107177734375,2346,1602470916350
-0.6568603515625,-0.323486328125,-0.6544189453125,2346,1602470916357
-0.6246337890625,-0.3375244140625,-0.6700439453125,2347,1602470916372
-0.620361328125,-0.3404541015625,-0.6771240234375,2347,1602470916380
-0.656494140625,-0.343017578125,-0.688232421875,2347,1602470916387
-0.719970703125,-0.353759765625,-0.67138671875,2347,1602470916402
-0.7855224609375,-0.361083984375,-0.6595458984375,2348,1602470916410
-0.721435546875,-0.3590087890625,-0.6212158203125,2348,1602470916417
-0.6336669921875,-0.32763671875,-0.6068115234375,2348,1602470916432
-0.6351318359375,-0.2994384765625,-0.6326904296875,2349,1602470916440
-0.663330078125,-0.318359375,-0.642333984375,2349,1602470916455
-0.688720703125,-0.3590087890625,-0.6568603515625,2349,1602470916462
-0.7003173828125,-0.3819580078125,-0.6602783203125,2349,1602470916470
-0.6961669921875,-0.3720703125,-0.6705322265625,2350,1602470916477
-0.7115478515625,-0.3504638671875,-0.64599609375,2350,1602470916492
-0.73828125,-0.34912109375,-0.63134765625,2350,1602470916500
-0.7059326171875,-0.3453369140625,-0.635498046875,2351,1602470916507
-0.649658203125,-0.338623046875,-0.633056640625,2351,1602470916522
-0.6632080078125,-0.324462890625,-0.6429443359375,2351,1602470916530
-0.7222900390625,-0.33154296875,-0.6552734375,2351,1602470916537
-0.7454833984375,-0.3563232421875,-0.6534423828125,2352,1602470916552
-0.728515625,-0.3536376953125,-0.63720703125,2352,1602470916560
-0.70849609375,-0.3450927734375,-0.635009765625,2352,1602470916567
-0.6861572265625,-0.3411865234375,-0.636962890625,2353,1602470916582
-0.6474609375,-0.335693359375,-0.640869140625,2353,1602470916590
-0.627197265625,-0.3267822265625,-0.654296875,2353,1602470916597
-0.620361328125,-0.3236083984375,-0.6585693359375,2354,1602470916612
-0.6397705078125,-0.3323974609375,-0.643310546875,2354,1602470916620
-0.6947021484375,-0.3465576171875,-0.6297607421875,2354,1602470916627
-0.7255859375,-0.3504638671875,-0.6075439453125,2355,1602470916642
-0.70654296875,-0.348388671875,-0.6007080078125,2355,1602470916650
-0.68798828125,-0.3387451171875,-0.6187744140625,2355,1602470916657
-0.6807861328125,-0.3309326171875,-0.6363525390625,2356,1602470916672
-0.6739501953125,-0.33837890625,-0.6400146484375,2356,1602470916680
-0.669921875,-0.34375,-0.640625,2356,1602470916687
-0.658935546875,-0.348388671875,-0.6328125,2356,1602470916702
-0.64111328125,-0.345703125,-0.640625,2357,1602470916710
-0.661865234375,-0.3310546875,-0.6424560546875,2357,1602470916717
-0.67529296875,-0.3277587890625,-0.6416015625,2357,1602470916732
-0.68603515625,-0.337158203125,-0.665283203125,2357,1602470916740
-0.724609375,-0.353759765625,-0.68701171875,2358,1602470916747
-0.77587890625,-0.3759765625,-0.71337890625,2358,1602470916762
-0.74951171875,-0.384033203125,-0.7054443359375,2358,1602470916770
-0.5953369140625,-0.3707275390625,-0.67724609375,2359,1602470916777
-0.486328125,-0.31689453125,-0.663818359375,2359,1602470916792
-0.5257568359375,-0.2694091796875,-0.658203125,2359,1602470916800
-0.6448974609375,-0.2735595703125,-0.6883544921875,2360,1602470916807
-0.74267578125,-0.3193359375,-0.6976318359375,2360,1602470916822
-0.7408447265625,-0.3680419921875,-0.6727294921875,2360,1602470916830
-0.69140625,-0.3677978515625,-0.6519775390625,2360,1602470916837
-0.6451416015625,-0.371826171875,-0.6776123046875,2361,1602470916852
-0.6109619140625,-0.3675537109375,-0.683349609375,2361,1602470916860
-0.5909423828125,-0.3255615234375,-0.693115234375,2361,1602470916867
-0.59033203125,-0.31103515625,-0.758544921875,2362,1602470916882
-0.604736328125,-0.3392333984375,-0.748779296875,2362,1602470916890
-0.60009765625,-0.3563232421875,-0.7425537109375,2362,1602470916897
-0.7587890625,-0.3763427734375,-0.8233642578125,2363,1602470916920
-0.7701416015625,-0.3922119140625,-0.6807861328125,2363,1602470916927
-0.6826171875,-0.320556640625,-0.5924072265625,2363,1602470916935
-0.689208984375,-0.29052734375,-0.5650634765625,2364,1602470916942
-0.667236328125,-0.317626953125,-0.604736328125,2364,1602470916950
-0.569580078125,-0.34326171875,-0.66455078125,2364,1602470916957
-0.5791015625,-0.3331298828125,-0.69580078125,2365,1602470916972
-0.6728515625,-0.3319091796875,-0.726806640625,2365,1602470916980
-0.66015625,-0.32861328125,-0.701171875,2365,1602470916995
-0.661376953125,-0.319091796875,-0.6636962890625,2365,1602470917002
-0.6983642578125,-0.312255859375,-0.6678466796875,2366,1602470917010
-0.6715087890625,-0.305908203125,-0.673583984375,2366,1602470917017
-0.571044921875,-0.3265380859375,-0.66015625,2366,1602470917032
-0.599853515625,-0.326416015625,-0.6761474609375,2366,1602470917040
-0.6907958984375,-0.3197021484375,-0.6778564453125,2367,1602470917047
-0.7186279296875,-0.3399658203125,-0.6776123046875,2367,1602470917062
-0.7220458984375,-0.3497314453125,-0.6719970703125,2367,1602470917070
-0.719482421875,-0.3421630859375,-0.6875,2368,1602470917077
-0.70703125,-0.3284912109375,-0.699951171875,2368,1602470917085
-0.6632080078125,-0.328857421875,-0.68310546875,2368,1602470917100
-0.616943359375,-0.33837890625,-0.669921875,2368,1602470917107
-0.6165771484375,-0.3355712890625,-0.676025390625,2369,1602470917115
-0.6285400390625,-0.3411865234375,-0.688232421875,2369,1602470917130
-0.65234375,-0.33154296875,-0.6658935546875,2369,1602470917137
-0.689453125,-0.32373046875,-0.66259765625,2370,1602470917145
-0.7222900390625,-0.33251953125,-0.669921875,2370,1602470917160
-0.7371826171875,-0.333251953125,-0.6663818359375,2370,1602470917167
-0.75,-0.3326416015625,-0.677001953125,2371,1602470917175
-0.7081298828125,-0.33154296875,-0.6705322265625,2371,1602470917190
-0.6444091796875,-0.3226318359375,-0.6842041015625,2371,1602470917197
-0.6500244140625,-0.332763671875,-0.71240234375,2371,1602470917205
-0.6162109375,-0.3533935546875,-0.72705078125,2372,1602470917220
-0.578369140625,-0.353515625,-0.718505859375,2372,1602470917227
-0.55517578125,-0.32421875,-0.67724609375,2372,1602470917235
-0.5887451171875,-0.3055419921875,-0.6690673828125,2373,1602470917250
-0.651123046875,-0.3201904296875,-0.65283203125,2373,1602470917258
-0.683837890625,-0.3472900390625,-0.6153564453125,2373,1602470917265
-0.681640625,-0.3521728515625,-0.5770263671875,2374,1602470917280
-0.6781005859375,-0.3363037109375,-0.5765380859375,2374,1602470917287
-0.6851806640625,-0.3494873046875,-0.613037109375,2374,1602470917295
-0.6783447265625,-0.3758544921875,-0.6513671875,2375,1602470917310
-0.65087890625,-0.372802734375,-0.6671142578125,2375,1602470917317
-0.6385498046875,-0.338623046875,-0.6568603515625,2375,1602470917325
-0.66357421875,-0.3428955078125,-0.642822265625,2376,1602470917340
-0.6533203125,-0.3651123046875,-0.6739501953125,2376,1602470917347
-0.6605224609375,-0.3609619140625,-0.7196044921875,2376,1602470917355
-0.6009521484375,-0.341552734375,-0.73388671875,2376,1602470917370
-0.59912109375,-0.31689453125,-0.7132568359375,2377,1602470917377
-0.725341796875,-0.359619140625,-0.66796875,2377,1602470917385
-0.774658203125,-0.400390625,-0.6683349609375,2377,1602470917400
-0.7486572265625,-0.3447265625,-0.643310546875,2377,1602470917407
-0.605224609375,-0.29150390625,-0.6241455078125,2378,1602470917415
-0.5576171875,-0.3023681640625,-0.665283203125,2378,1602470917430
-0.619140625,-0.3411865234375,-0.6964111328125,2378,1602470917437
-0.6710205078125,-0.3619384765625,-0.6956787109375,2379,1602470917445
-0.678955078125,-0.369140625,-0.682861328125,2379,1602470917460
-0.6695556640625,-0.3687744140625,-0.679931640625,2379,1602470917467
-0.6376953125,-0.35595703125,-0.7117919921875,2379,1602470917475
-0.5684814453125,-0.337890625,-0.6981201171875,2380,1602470917490
-0.6131591796875,-0.331298828125,-0.7108154296875,2380,1602470917498
-0.743896484375,-0.3702392578125,-0.7088623046875,2380,1602470917505
-0.751220703125,-0.391357421875,-0.660888671875,2381,1602470917520
-0.643798828125,-0.365966796875,-0.642822265625,2381,1602470917527
-0.549072265625,-0.3505859375,-0.644287109375,2381,1602470917535
-0.548583984375,-0.3287353515625,-0.6248779296875,2382,1602470917550
-0.63330078125,-0.30615234375,-0.6544189453125,2382,1602470917557
-0.6859130859375,-0.3104248046875,-0.6925048828125,2382,1602470917565
-0.66845703125,-0.3306884765625,-0.7127685546875,2383,1602470917580
-0.6444091796875,-0.3428955078125,-0.714599609375,2383,1602470917587
-0.6168212890625,-0.35400390625,-0.721435546875,2383,1602470917595
-0.5618896484375,-0.3553466796875,-0.6817626953125,2384,1602470917610
-0.5274658203125,-0.3447265625,-0.6470947265625,2384,1602470917617
-0.5482177734375,-0.3218994140625,-0.640869140625,2384,1602470917625
-0.6214599609375,-0.3179931640625,-0.6744384765625,2385,1602470917647
-0.7171630859375,-0.3580322265625,-0.69970703125,2385,1602470917655
-0.7662353515625,-0.3890380859375,-0.689453125,2385,1602470917662
-0.7510986328125,-0.3843994140625,-0.6776123046875,2385,1602470917670
-0.69091796875,-0.361328125,-0.6787109375,2385,1602470917677
-0.6497802734375,-0.3404541015625,-0.64892578125,2386,1602470917685
-0.6708984375,-0.326904296875,-0.6373291015625,2386,1602470917700
-0.6942138671875,-0.3265380859375,-0.629150390625,2387,1602470917715
-0.6790771484375,-0.325439453125,-0.61474609375,2387,1602470917722
-0.640380859375,-0.3074951171875,-0.6368408203125,2387,1602470917730
-0.6363525390625,-0.2974853515625,-0.68017578125,2387,1602470917737
-0.6905517578125,-0.323486328125,-0.703857421875,2388,1602470917745
-0.7379150390625,-0.3560791015625,-0.702392578125,2388,1602470917760
-0.720458984375,-0.3685302734375,-0.67919921875,2388,1602470917767
-0.7557373046875,-0.334228515625,-0.6778564453125,2388,1602470917775
-0.8345947265625,-0.353759765625,-0.7020263671875,2389,1602470917790
-0.837890625,-0.4022216796875,-0.68505859375,2389,1602470917797
-0.7340087890625,-0.3968505859375,-0.673828125,2389,1602470917805
-0.6512451171875,-0.329345703125,-0.688232421875,2390,1602470917820
-0.62060546875,-0.2938232421875,-0.692138671875,2390,1602470917827
-0.6204833984375,-0.290283203125,-0.6893310546875,2390,1602470917835
-0.697265625,-0.274169921875,-0.660400390625,2391,1602470917850
-0.830322265625,-0.2822265625,-0.62451171875,2391,1602470917857
-0.8779296875,-0.3289794921875,-0.5986328125,2391,1602470917865
-0.8336181640625,-0.3665771484375,-0.584228515625,2392,1602470917880
-0.7607421875,-0.379638671875,-0.5894775390625,2392,1602470917887
-0.713134765625,-0.3720703125,-0.559814453125,2392,1602470917895
-0.664794921875,-0.3626708984375,-0.4991455078125,2393,1602470917917
-0.595703125,-0.3406982421875,-0.474853515625,2393,1602470917925
-0.589599609375,-0.305419921875,-0.5238037109375,2393,1602470917932
-0.66162109375,-0.3111572265625,-0.5665283203125,2393,1602470917940
-0.7222900390625,-0.3648681640625,-0.5596923828125,2394,1602470917947
-0.7554931640625,-0.3983154296875,-0.5238037109375,2394,1602470917955
-0.7919921875,-0.376220703125,-0.4954833984375,2394,1602470917970
-0.821533203125,-0.3636474609375,-0.4969482421875,2395,1602470917977
-0.815185546875,-0.380859375,-0.5504150390625,2395,1602470917985
-0.7821044921875,-0.3841552734375,-0.5894775390625,2395,1602470918000
-0.7237548828125,-0.3851318359375,-0.5966796875,2395,1602470918007
-0.6519775390625,-0.373046875,-0.5966796875,2396,1602470918015
-0.6358642578125,-0.354736328125,-0.630126953125,2396,1602470918030
-0.6689453125,-0.359619140625,-0.6295166015625,2396,1602470918037
-0.72705078125,-0.391845703125,-0.61328125,2397,1602470918045
-0.78662109375,-0.4058837890625,-0.5863037109375,2397,1602470918060
-0.8349609375,-0.390380859375,-0.5748291015625,2397,1602470918067
-0.864990234375,-0.3663330078125,-0.521728515625,2397,1602470918075
-0.879638671875,-0.368896484375,-0.51416015625,2398,1602470918090
-0.8515625,-0.38134765625,-0.549072265625,2398,1602470918097
-0.7374267578125,-0.4151611328125,-0.541015625,2398,1602470918105
-0.642578125,-0.435791015625,-0.4925537109375,2399,1602470918120
-0.67626953125,-0.38427734375,-0.4534912109375,2399,1602470918127
-0.746337890625,-0.32080078125,-0.40966796875,2399,1602470918135
-0.852783203125,-0.31201171875,-0.361328125,2400,1602470918150
-0.8206787109375,-0.36279296875,-0.3013916015625,2400,1602470918157
-0.7977294921875,-0.378662109375,-0.29541015625,2400,1602470918165
-0.840087890625,-0.362060546875,-0.3321533203125,2401,1602470918180
-0.8140869140625,-0.3387451171875,-0.45849609375,2401,1602470918187
-0.7657470703125,-0.3779296875,-0.5247802734375,2401,1602470918195
-0.7811279296875,-0.429443359375,-0.48974609375,2401,1602470918202
-0.7930908203125,-0.4295654296875,-0.44677734375,2402,1602470918217
-0.7989501953125,-0.404541015625,-0.431396484375,2402,1602470918225
-0.7645263671875,-0.4027099609375,-0.4317626953125,2402,1602470918232
-0.737548828125,-0.4010009765625,-0.4464111328125,2403,1602470918247
-0.7471923828125,-0.39208984375,-0.493896484375,2403,1602470918255
-0.803955078125,-0.3890380859375,-0.5311279296875,2403,1602470918262
-0.82861328125,-0.3974609375,-0.5474853515625,2404,1602470918277
-0.822998046875,-0.3819580078125,-0.542236328125,2404,1602470918285
-0.7811279296875,-0.3648681640625,-0.5789794921875,2404,1602470918292
-0.7926025390625,-0.3914794921875,-0.6517333984375,2404,1602470918307
-0.916259765625,-0.427978515625,-0.530517578125,2405,1602470918315
-0.8892822265625,-0.4124755859375,-0.457763671875,2405,1602470918322
-0.848876953125,-0.3463134765625,-0.4871826171875,2405,1602470918337
-0.8048095703125,-0.35009765625,-0.534912109375,2406,1602470918345
-0.6982421875,-0.388916015625,-0.52587890625,2406,1602470918352
-0.69775390625,-0.38134765625,-0.501220703125,2406,1602470918367
-0.7655029296875,-0.369873046875,-0.447998046875,2406,1602470918375
-0.82421875,-0.3707275390625,-0.384521484375,2407,1602470918382
-0.86181640625,-0.3731689453125,-0.3631591796875,2407,1602470918397
-0.849609375,-0.3929443359375,-0.3751220703125,2407,1602470918405
-0.85595703125,-0.40185546875,-0.3819580078125,2408,1602470918412
-0.8553466796875,-0.38671875,-0.4423828125,2408,1602470918427
-0.8043212890625,-0.386474609375,-0.483642578125,2408,1602470918435
-0.767578125,-0.3919677734375,-0.4613037109375,2408,1602470918443
-0.777587890625,-0.37548828125,-0.4107666015625,2409,1602470918457
-0.8316650390625,-0.37158203125,-0.4085693359375,2409,1602470918465
-0.8697509765625,-0.379638671875,-0.349609375,2409,1602470918473
-0.8389892578125,-0.375244140625,-0.3336181640625,2410,1602470918488
-0.8515625,-0.37744140625,-0.3656005859375,2410,1602470918495
-0.84130859375,-0.4014892578125,-0.4447021484375,2410,1602470918502
-0.849365234375,-0.4251708984375,-0.498046875,2411,1602470918517
-0.8768310546875,-0.4234619140625,-0.4774169921875,2411,1602470918525
-0.855224609375,-0.38232421875,-0.4266357421875,2411,1602470918532
-0.836669921875,-0.34228515625,-0.3897705078125,2412,1602470918555
-0.83056640625,-0.351318359375,-0.3701171875,2412,1602470918562
-0.8060302734375,-0.37548828125,-0.3673095703125,2412,1602470918570
-0.783447265625,-0.383544921875,-0.35888671875,2412,1602470918577
-0.8060302734375,-0.3787841796875,-0.340087890625,2413,1602470918585
-0.7939453125,-0.37548828125,-0.388916015625,2413,1602470918592
-0.8414306640625,-0.4033203125,-0.456298828125,2413,1602470918607
-0.8631591796875,-0.4862060546875,-0.48583984375,2414,1602470918615
-0.768798828125,-0.510009765625,-0.512451171875,2414,1602470918622
-0.670654296875,-0.435791015625,-0.4676513671875,2414,1602470918637
-0.651123046875,-0.36181640625,-0.4444580078125,2415,1602470918645
-0.7230224609375,-0.3604736328125,-0.449951171875,2415,1602470918652
-0.77197265625,-0.39111328125,-0.4439697265625,2415,1602470918667
-0.773193359375,-0.4105224609375,-0.421630859375,2415,1602470918675
-0.7945556640625,-0.4239501953125,-0.4259033203125,2416,1602470918682
-0.847900390625,-0.4136962890625,-0.4169921875,2416,1602470918697
-0.90869140625,-0.402099609375,-0.416748046875,2416,1602470918705
-0.9219970703125,-0.4140625,-0.4547119140625,2417,1602470918712
-0.8656005859375,-0.4085693359375,-0.484375,2417,1602470918727
-0.8270263671875,-0.3953857421875,-0.457763671875,2417,1602470918735
-0.8402099609375,-0.353271484375,-0.37060546875,2417,1602470918743
-0.88525390625,-0.3070068359375,-0.3465576171875,2418,1602470918757
-0.9251708984375,-0.301513671875,-0.3681640625,2418,1602470918765
-0.914794921875,-0.341796875,-0.44873046875,2418,1602470918772
-0.8551025390625,-0.3687744140625,-0.5244140625,2419,1602470918787
-0.7686767578125,-0.3642578125,-0.448486328125,2419,1602470918795
-0.7257080078125,-0.3939208984375,-0.438720703125,2419,1602470918802
-0.84033203125,-0.4197998046875,-0.463134765625,2420,1602470918817
-0.9317626953125,-0.39453125,-0.4320068359375,2420,1602470918825
-0.8846435546875,-0.392333984375,-0.419921875,2420,1602470918832
-0.81005859375,-0.393310546875,-0.43212890625,2420,1602470918847
-0.7744140625,-0.3817138671875,-0.4151611328125,2421,1602470918855
-0.7952880859375,-0.383056640625,-0.4180908203125,2421,1602470918862
-0.83056640625,-0.4073486328125,-0.4083251953125,2421,1602470918878
-0.822509765625,-0.4066162109375,-0.4217529296875,2422,1602470918885
-0.8372802734375,-0.396484375,-0.453369140625,2422,1602470918893
-0.7572021484375,-0.39111328125,-0.4097900390625,2422,1602470918907
-0.70751953125,-0.3763427734375,-0.3756103515625,2423,1602470918915
-0.8243408203125,-0.367919921875,-0.37890625,2423,1602470918922
-0.9144287109375,-0.377685546875,-0.381103515625,2423,1602470918938
-0.8873291015625,-0.391845703125,-0.403076171875,2423,1602470918945
-0.85498046875,-0.4041748046875,-0.4256591796875,2424,1602470918952
-0.84033203125,-0.3953857421875,-0.4110107421875,2424,1602470918967
-0.8587646484375,-0.3701171875,-0.3914794921875,2424,1602470918975
-0.86376953125,-0.3504638671875,-0.3824462890625,2425,1602470918982
-0.8394775390625,-0.3385009765625,-0.3756103515625,2425,1602470918997
-0.8243408203125,-0.3388671875,-0.3759765625,2425,1602470919005
-0.80126953125,-0.355224609375,-0.4154052734375,2426,1602470919012
-0.767578125,-0.3900146484375,-0.4527587890625,2426,1602470919027
-0.7703857421875,-0.409912109375,-0.4825439453125,2426,1602470919035
-0.770751953125,-0.4019775390625,-0.49169921875,2426,1602470919042
-0.85498046875,-0.3790283203125,-0.450439453125,2427,1602470919058
-0.855224609375,-0.388916015625,-0.4111328125,2427,1602470919065
-0.8013916015625,-0.3968505859375,-0.3798828125,2427,1602470919073
-0.80712890625,-0.3807373046875,-0.3330078125,2428,1602470919088
-0.8553466796875,-0.3529052734375,-0.3250732421875,2428,1602470919095
-0.8857421875,-0.3428955078125,-0.3504638671875,2428,1602470919102
-0.864013671875,-0.3673095703125,-0.3809814453125,2429,1602470919117
-0.852294921875,-0.3739013671875,-0.417236328125,2429,1602470919125
-0.8604736328125,-0.36328125,-0.4759521484375,2429,1602470919133
-0.853759765625,-0.37353515625,-0.4886474609375,2429,1602470919147
-0.8287353515625,-0.3975830078125,-0.4791259765625,2430,1602470919155
-0.8250732421875,-0.400634765625,-0.465576171875,2430,1602470919162
-0.8387451171875,-0.399169921875,-0.4534912109375,2430,1602470919178
-0.8489990234375,-0.400634765625,-0.45458984375,2431,1602470919185
-0.84619140625,-0.38525390625,-0.462890625,2431,1602470919192
-0.8282470703125,-0.363037109375,-0.4395751953125,2431,1602470919207
-0.8426513671875,-0.3388671875,-0.4072265625,2431,1602470919215
-0.8902587890625,-0.3275146484375,-0.3682861328125,2432,1602470919222
-0.8948974609375,-0.34716796875,-0.353759765625,2432,1602470919237
-0.852783203125,-0.36181640625,-0.33984375,2432,1602470919245
-0.8021240234375,-0.353759765625,-0.3662109375,2433,1602470919253
-0.8135986328125,-0.3658447265625,-0.4158935546875,2433,1602470919267
-0.8565673828125,-0.3775634765625,-0.4300537109375,2433,1602470919275
-0.8792724609375,-0.37109375,-0.444580078125,2434,1602470919283
-0.8826904296875,-0.3656005859375,-0.47607421875,2434,1602470919298
-0.867431640625,-0.3642578125,-0.45166015625,2434,1602470919305
-0.8348388671875,-0.35400390625,-0.39404296875,2434,1602470919313
-0.8145751953125,-0.3511962890625,-0.37939453125,2435,1602470919328
-0.829833984375,-0.364013671875,-0.4183349609375,2435,1602470919335
-0.846923828125,-0.40087890625,-0.42626953125,2435,1602470919343
-0.8499755859375,-0.4300537109375,-0.44287109375,2436,1602470919350
-0.8480224609375,-0.44384765625,-0.458251953125,2436,1602470919365
-0.8023681640625,-0.425537109375,-0.4383544921875,2436,1602470919372
-0.7484130859375,-0.3875732421875,-0.413818359375,2437,1602470919380
-0.7738037109375,-0.3621826171875,-0.3927001953125,2437,1602470919395
-0.834228515625,-0.37158203125,-0.3648681640625,2437,1602470919402
-0.8739013671875,-0.368896484375,-0.3314208984375,2437,1602470919410
-0.8795166015625,-0.344482421875,-0.28662109375,2438,1602470919425
-0.8870849609375,-0.3170166015625,-0.2760009765625,2438,1602470919432
-0.888671875,-0.32861328125,-0.33544921875,2438,1602470919440
-0.8302001953125,-0.38037109375,-0.4345703125,2439,1602470919455
-0.774169921875,-0.4114990234375,-0.49951171875,2439,1602470919463
-0.786865234375,-0.3887939453125,-0.4713134765625,2439,1602470919470
-0.8553466796875,-0.3509521484375,-0.425048828125,2440,1602470919485
-0.9251708984375,-0.354736328125,-0.3963623046875,2440,1602470919493
-0.9351806640625,-0.390625,-0.421142578125,2440,1602470919500
-0.920166015625,-0.4405517578125,-0.4697265625,2440,1602470919515
-0.853271484375,-0.468505859375,-0.4361572265625,2441,1602470919523
-0.84716796875,-0.3941650390625,-0.2940673828125,2441,1602470919530
-0.8299560546875,-0.325439453125,-0.2047119140625,2441,1602470919545
-0.7218017578125,-0.3759765625,-0.2666015625,2442,1602470919552
-0.8182373046875,-0.437744140625,-0.366455078125,2442,1602470919560
-0.91650390625,-0.464111328125,-0.406494140625,2442,1602470919575
-0.895751953125,-0.3944091796875,-0.3892822265625,2442,1602470919582
-0.9176025390625,-0.267578125,-0.36328125,2443,1602470919590
-0.9674072265625,-0.194580078125,-0.3936767578125,2443,1602470919605
-0.9490966796875,-0.2564697265625,-0.354736328125,2443,1602470919613
-0.7125244140625,-0.3953857421875,-0.2677001953125,2444,1602470919620
-0.677001953125,-0.494140625,-0.3319091796875,2444,1602470919635
-0.9638671875,-0.588134765625,-0.4290771484375,2444,1602470919642
-0.9638671875,-0.617919921875,-0.4288330078125,2445,1602470919650
-0.7210693359375,-0.5201416015625,-0.3818359375,2445,1602470919665
-0.68212890625,-0.4022216796875,-0.34716796875,2445,1602470919672
-0.8077392578125,-0.3497314453125,-0.3204345703125,2445,1602470919680
-0.916748046875,-0.3531494140625,-0.2933349609375,2446,1602470919695
-0.9031982421875,-0.35888671875,-0.2646484375,2446,1602470919703
-0.7967529296875,-0.325927734375,-0.2513427734375,2446,1602470919710
-0.759033203125,-0.3133544921875,-0.280517578125,2447,1602470919725
-0.7989501953125,-0.3843994140625,-0.32568359375,2447,1602470919733
-0.8966064453125,-0.4488525390625,-0.319580078125,2447,1602470919740
-0.8883056640625,-0.456298828125,-0.3084716796875,2448,1602470919755
-0.88427734375,-0.403076171875,-0.310302734375,2448,1602470919762
-0.93603515625,-0.3526611328125,-0.35205078125,2448,1602470919770
-0.9771728515625,-0.39404296875,-0.4569091796875,2449,1602470919785
-0.9541015625,-0.4605712890625,-0.3040771484375,2449,1602470919792
-0.90966796875,-0.4112548828125,-0.3111572265625,2449,1602470919800
-0.9437255859375,-0.372314453125,-0.2747802734375,2449,1602470919815
-0.8245849609375,-0.326171875,-0.1905517578125,2450,1602470919822
-0.82666015625,-0.3251953125,-0.2086181640625,2450,1602470919830
-0.901611328125,-0.3839111328125,-0.238037109375,2450,1602470919845
-0.8751220703125,-0.4066162109375,-0.226806640625,2451,1602470919852
-0.807861328125,-0.3697509765625,-0.2359619140625,2451,1602470919860
-0.8046875,-0.3421630859375,-0.262451171875,2451,1602470919875
-0.8521728515625,-0.3668212890625,-0.2825927734375,2451,1602470919882
-0.874755859375,-0.401123046875,-0.2926025390625,2452,1602470919890
-0.872802734375,-0.403076171875,-0.32470703125,2452,1602470919905
-0.8914794921875,-0.3985595703125,-0.3914794921875,2452,1602470919913
-0.840576171875,-0.4134521484375,-0.4154052734375,2453,1602470919920
-0.807861328125,-0.427734375,-0.3790283203125,2453,1602470919935
-0.873046875,-0.42138671875,-0.3515625,2453,1602470919943
-0.9349365234375,-0.42333984375,-0.3541259765625,2453,1602470919950
-0.944580078125,-0.43701171875,-0.3214111328125,2454,1602470919965
-0.912109375,-0.435546875,-0.2867431640625,2454,1602470919972
-0.873046875,-0.4105224609375,-0.26806640625,2454,1602470919980
-0.8543701171875,-0.37451171875,-0.2506103515625,2455,1602470919995
-0.818359375,-0.349609375,-0.209716796875,2455,1602470920002
-0.816162109375,-0.31591796875,-0.2427978515625,2455,1602470920010
-0.8492431640625,-0.326904296875,-0.36962890625,2456,1602470920025
-0.8809814453125,-0.3997802734375,-0.27197265625,2456,1602470920032
-0.83642578125,-0.4083251953125,-0.2398681640625,2456,1602470920040
-0.88427734375,-0.3779296875,-0.289794921875,2457,1602470920055
-0.942138671875,-0.399169921875,-0.3128662109375,2457,1602470920063
-0.912109375,-0.3560791015625,-0.2423095703125,2457,1602470920070
-0.8359375,-0.2977294921875,-0.2606201171875,2457,1602470920085
-0.8226318359375,-0.3389892578125,-0.3131103515625,2458,1602470920093
-0.8446044921875,-0.4134521484375,-0.3460693359375,2458,1602470920100
-0.8492431640625,-0.4200439453125,-0.3841552734375,2458,1602470920115
-0.837646484375,-0.3975830078125,-0.4820556640625,2459,1602470920123
-0.851806640625,-0.400146484375,-0.53173828125,2459,1602470920130
-0.909423828125,-0.3897705078125,-0.40869140625,2459,1602470920145
-0.9549560546875,-0.3583984375,-0.3446044921875,2460,1602470920152
-0.9937744140625,-0.35546875,-0.2945556640625,2460,1602470920160
-0.98095703125,-0.3924560546875,-0.2783203125,2460,1602470920175
-0.9124755859375,-0.4212646484375,-0.310546875,2460,1602470920182
-0.8468017578125,-0.4090576171875,-0.343505859375,2461,1602470920190
-0.8309326171875,-0.397705078125,-0.3253173828125,2461,1602470920205
-0.844482421875,-0.3863525390625,-0.2662353515625,2461,1602470920212
-0.8594970703125,-0.350830078125,-0.2353515625,2462,1602470920220
-0.9024658203125,-0.3170166015625,-0.18896484375,2462,1602470920235
-0.923583984375,-0.3326416015625,-0.1876220703125,2462,1602470920243
-0.93994140625,-0.37548828125,-0.25390625,2462,1602470920250
-0.96435546875,-0.3656005859375,-0.2945556640625,2463,1602470920265
-0.8876953125,-0.3609619140625,-0.3267822265625,2463,1602470920273
-0.7833251953125,-0.35107421875,-0.330322265625,2463,1602470920280
-0.731201171875,-0.3050537109375,-0.3038330078125,2464,1602470920295
-0.7205810546875,-0.2811279296875,-0.2874755859375,2464,1602470920303
-0.7138671875,-0.2943115234375,-0.3359375,2464,1602470920310
-0.774169921875,-0.3101806640625,-0.3978271484375,2465,1602470920325
-0.8746337890625,-0.3389892578125,-0.4716796875,2465,1602470920333
-0.995361328125,-0.3536376953125,-0.4603271484375,2465,1602470920340
-0.9766845703125,-0.36376953125,-0.392822265625,2466,1602470920355
-0.7808837890625,-0.381591796875,-0.392822265625,2466,1602470920362
-0.6573486328125,-0.3624267578125,-0.45849609375,2466,1602470920370
-0.679931640625,-0.369140625,-0.5263671875,2467,1602470920385
-0.753662109375,-0.4034423828125,-0.559814453125,2467,1602470920392
-0.8016357421875,-0.412109375,-0.5631103515625,2467,1602470920400
-0.81640625,-0.3946533203125,-0.5465087890625,2467,1602470920415
-0.871337890625,-0.357666015625,-0.50244140625,2468,1602470920422
-0.9248046875,-0.3575439453125,-0.50634765625,2468,1602470920430
-0.90380859375,-0.3721923828125,-0.51123046875,2468,1602470920445
-0.8045654296875,-0.36181640625,-0.529541015625,2469,1602470920452
-0.748046875,-0.333740234375,-0.5191650390625,2469,1602470920460
-0.7237548828125,-0.3204345703125,-0.527587890625,2469,1602470920467
-0.7471923828125,-0.3260498046875,-0.54541015625,2469,1602470920482
-0.807373046875,-0.3287353515625,-0.5631103515625,2470,1602470920490
-0.83544921875,-0.337890625,-0.5654296875,2470,1602470920497
-0.833251953125,-0.3341064453125,-0.527587890625,2470,1602470920512
-0.8758544921875,-0.31396484375,-0.510986328125,2471,1602470920520
-0.9039306640625,-0.3370361328125,-0.54052734375,2471,1602470920527
-0.863037109375,-0.3602294921875,-0.547119140625,2471,1602470920542
-0.8426513671875,-0.3270263671875,-0.5828857421875,2471,1602470920550
-0.817626953125,-0.327880859375,-0.61865234375,2472,1602470920557
-0.7423095703125,-0.348388671875,-0.613037109375,2472,1602470920573
-0.683349609375,-0.324951171875,-0.59765625,2472,1602470920580
-0.7073974609375,-0.300537109375,-0.556396484375,2472,1602470920587
-0.7584228515625,-0.3140869140625,-0.51953125,2473,1602470920603
-0.7984619140625,-0.3394775390625,-0.5299072265625,2473,1602470920610
-0.78515625,-0.3570556640625,-0.529541015625,2473,1602470920618
-0.757080078125,-0.337158203125,-0.4920654296875,2474,1602470920632
-0.7659912109375,-0.3426513671875,-0.494384765625,2474,1602470920640
-0.734619140625,-0.3858642578125,-0.53466796875,2474,1602470920647
-0.758056640625,-0.3553466796875,-0.51318359375,2475,1602470920662
-0.838134765625,-0.3232421875,-0.496337890625,2475,1602470920670
-0.8240966796875,-0.3690185546875,-0.504638671875,2475,1602470920678
-0.7615966796875,-0.3775634765625,-0.546875,2476,1602470920692
-0.7325439453125,-0.356201171875,-0.581298828125,2476,1602470920700
-0.7401123046875,-0.356689453125,-0.576904296875,2476,1602470920708
-0.7578125,-0.374755859375,-0.542236328125,2477,1602470920723
-0.7984619140625,-0.3558349609375,-0.50634765625,2477,1602470920730
-0.800537109375,-0.3472900390625,-0.485107421875,2477,1602470920738
-0.787841796875,-0.370361328125,-0.4991455078125,2478,1602470920753
-0.8394775390625,-0.3656005859375,-0.52392578125,2478,1602470920760
-0.8084716796875,-0.346923828125,-0.521728515625,2478,1602470920768
-0.763427734375,-0.30908203125,-0.4708251953125,2479,1602470920790
-0.7899169921875,-0.298583984375,-0.4481201171875,2479,1602470920798
-0.8424072265625,-0.313232421875,-0.4244384765625,2479,1602470920805
-0.829833984375,-0.34326171875,-0.4287109375,2479,1602470920813
-0.861083984375,-0.331298828125,-0.4376220703125,2480,1602470920822
-0.9107666015625,-0.323974609375,-0.4249267578125,2480,1602470920828
-0.9281005859375,-0.3380126953125,-0.391357421875,2480,1602470920843
-0.98193359375,-0.3399658203125,-0.3787841796875,2480,1602470920850
-0.979248046875,-0.345947265625,-0.4029541015625,2481,1602470920858
-0.8704833984375,-0.3470458984375,-0.4556884765625,2481,1602470920873
-0.709716796875,-0.3336181640625,-0.510009765625,2481,1602470920880
-0.632568359375,-0.3095703125,-0.51904296875,2482,1602470920889
-0.703125,-0.3026123046875,-0.4693603515625,2482,1602470920903
-0.8255615234375,-0.3392333984375,-0.406005859375,2482,1602470920910
-0.8819580078125,-0.3656005859375,-0.328857421875,2482,1602470920918
-0.89013671875,-0.320068359375,-0.2435302734375,2483,1602470920940
-0.87646484375,-0.273193359375,-0.1947021484375,2483,1602470920948
-0.813720703125,-0.2833251953125,-0.1954345703125,2483,1602470920955
-0.8021240234375,-0.2882080078125,-0.2520751953125,2484,1602470920963
-0.89990234375,-0.279052734375,-0.3280029296875,2484,1602470920970
-0.980712890625,-0.32763671875,-0.406005859375,2484,1602470920978
-0.9664306640625,-0.3759765625,-0.399169921875,2485,1602470920993
-0.8603515625,-0.3839111328125,-0.41259765625,2485,1602470921000
-0.783447265625,-0.3631591796875,-0.4525146484375,2485,1602470921008
-0.8712158203125,-0.2718505859375,-0.3292236328125,2486,1602470921023
-0.9425048828125,-0.2352294921875,-0.2562255859375,2486,1602470921030
-0.7921142578125,-0.2796630859375,-0.296630859375,2486,1602470921038
-0.6849365234375,-0.245849609375,-0.3155517578125,2486,1602470921052
-0.8359375,-0.244384765625,-0.359619140625,2487,1602470921060
-1.01171875,-0.298095703125,-0.389404296875,2487,1602470921068
-1.0430908203125,-0.340576171875,-0.40771484375,2487,1602470921083
-0.9915771484375,-0.365966796875,-0.4256591796875,2488,1602470921090
-0.9437255859375,-0.359130859375,-0.4215087890625,2488,1602470921098
-0.9124755859375,-0.357666015625,-0.43505859375,2488,1602470921113
-0.8564453125,-0.36328125,-0.469482421875,2489,1602470921120
-0.861328125,-0.3311767578125,-0.438232421875,2489,1602470921128
-0.9061279296875,-0.2974853515625,-0.4222412109375,2489,1602470921143
-0.9249267578125,-0.2366943359375,-0.35693359375,2489,1602470921150
-0.9261474609375,-0.20703125,-0.3262939453125,2490,1602470921158
-0.920166015625,-0.2373046875,-0.3311767578125,2490,1602470921173
-0.9156494140625,-0.314697265625,-0.361083984375,2490,1602470921180
-0.904296875,-0.3724365234375,-0.3896484375,2490,1602470921188
-0.9100341796875,-0.334228515625,-0.3427734375,2491,1602470921203
-0.9534912109375,-0.25927734375,-0.2635498046875,2491,1602470921210
-0.9068603515625,-0.2535400390625,-0.3037109375,2491,1602470921218
-0.8084716796875,-0.264404296875,-0.3291015625,2492,1602470921233
-0.729248046875,-0.2711181640625,-0.38720703125,2492,1602470921240
-0.7750244140625,-0.25830078125,-0.4295654296875,2492,1602470921248
-0.89208984375,-0.234375,-0.3802490234375,2493,1602470921263
-0.938232421875,-0.2620849609375,-0.348876953125,2493,1602470921270
-0.9300537109375,-0.31298828125,-0.34423828125,2493,1602470921278
-0.9093017578125,-0.3272705078125,-0.313232421875,2494,1602470921293
-0.885498046875,-0.32470703125,-0.2999267578125,2494,1602470921300
-0.89208984375,-0.326904296875,-0.3096923828125,2494,1602470921308
-0.9130859375,-0.3338623046875,-0.3433837890625,2494,1602470921323
-0.9091796875,-0.327392578125,-0.345703125,2495,1602470921330
-0.858154296875,-0.300048828125,-0.3568115234375,2495,1602470921338
-0.835693359375,-0.2864990234375,-0.3726806640625,2495,1602470921353
-0.87255859375,-0.287109375,-0.3822021484375,2496,1602470921360
-0.926513671875,-0.3013916015625,-0.3878173828125,2496,1602470921368
-0.9449462890625,-0.314453125,-0.375,2496,1602470921383
-0.925048828125,-0.324462890625,-0.3450927734375,2497,1602470921390
-0.8831787109375,-0.391845703125,-0.4735107421875,2497,1602470921398
-0.8369140625,-0.3770751953125,-0.397705078125,2497,1602470921413
-0.825439453125,-0.270751953125,-0.2685546875,2497,1602470921420
-0.884033203125,-0.2413330078125,-0.33837890625,2498,1602470921428
-0.947265625,-0.2747802734375,-0.390625,2498,1602470921443
-0.8648681640625,-0.3231201171875,-0.379638671875,2498,1602470921450
-0.8309326171875,-0.316162109375,-0.3651123046875,2499,1602470921458
-0.872802734375,-0.277099609375,-0.3201904296875,2499,1602470921473
-0.8778076171875,-0.244140625,-0.266845703125,2499,1602470921480
-0.8896484375,-0.240478515625,-0.274658203125,2499,1602470921488
-0.9117431640625,-0.27001953125,-0.30810546875,2500,1602470921503
-0.8717041015625,-0.3453369140625,-0.4501953125,2500,1602470921510
-0.9129638671875,-0.3746337890625,-0.624267578125,2500,1602470921518
-0.79736328125,-0.3238525390625,-0.3616943359375,2501,1602470921533
-0.7813720703125,-0.2105712890625,-0.1688232421875,2501,1602470921540
-1.0150146484375,-0.214599609375,-0.3140869140625,2501,1602470921548
-1.03173828125,-0.3349609375,-0.3843994140625,2502,1602470921563
-0.9420166015625,-0.3388671875,-0.3067626953125,2502,1602470921570
-0.858154296875,-0.298583984375,-0.3084716796875,2502,1602470921578
-0.828125,-0.320556640625,-0.349609375,2503,1602470921593
-0.845703125,-0.3858642578125,-0.338623046875,2503,1602470921600
-0.8797607421875,-0.390869140625,-0.3206787109375,2503,1602470921608
-0.86962890625,-0.3431396484375,-0.344482421875,2503,1602470921615
-0.793701171875,-0.284912109375,-0.371826171875,2504,1602470921630
-0.7877197265625,-0.239501953125,-0.3092041015625,2504,1602470921638
-0.8575439453125,-0.24365234375,-0.2730712890625,2504,1602470921645
-0.927978515625,-0.2723388671875,-0.3076171875,2505,1602470921660
-0.932373046875,-0.303466796875,-0.31689453125,2505,1602470921668
-0.895263671875,-0.31201171875,-0.3238525390625,2505,1602470921675
-0.921630859375,-0.28125,-0.33935546875,2505,1602470921690
-0.956298828125,-0.248779296875,-0.352294921875,2506,1602470921698
-0.967041015625,-0.2337646484375,-0.349609375,2506,1602470921713
-0.967529296875,-0.2388916015625,-0.3673095703125,2506,1602470921720
-0.95556640625,-0.23779296875,-0.403564453125,2507,1602470921728
-0.9808349609375,-0.259033203125,-0.4229736328125,2507,1602470921735
-0.9622802734375,-0.314697265625,-0.3983154296875,2507,1602470921750
-0.8896484375,-0.349365234375,-0.3468017578125,2508,1602470921758
-0.8544921875,-0.3485107421875,-0.338623046875,2508,1602470921765
-0.88134765625,-0.350341796875,-0.343017578125,2508,1602470921780
-0.897216796875,-0.369384765625,-0.3785400390625,2508,1602470921788
-0.9273681640625,-0.369873046875,-0.4571533203125,2509,1602470921795
-0.9451904296875,-0.332275390625,-0.4677734375,2509,1602470921810
-0.927490234375,-0.2713623046875,-0.408203125,2509,1602470921818
-0.8974609375,-0.234619140625,-0.3597412109375,2510,1602470921825
-0.9136962890625,-0.221923828125,-0.3297119140625,2510,1602470921840
-0.92578125,-0.2315673828125,-0.309326171875,2510,1602470921855
-0.8863525390625,-0.2388916015625,-0.3046875,2511,1602470921863
-0.8258056640625,-0.2406005859375,-0.324951171875,2511,1602470921870
-0.80078125,-0.2457275390625,-0.3360595703125,2511,1602470921878
-0.8046875,-0.2677001953125,-0.31787109375,2511,1602470921885
-0.8350830078125,-0.2857666015625,-0.2786865234375,2512,1602470921900
-0.858154296875,-0.2911376953125,-0.26318359375,2512,1602470921908
-0.85498046875,-0.2864990234375,-0.27099609375,2512,1602470921915
-0.8594970703125,-0.300537109375,-0.3033447265625,2513,1602470921930
-0.86328125,-0.3328857421875,-0.3409423828125,2513,1602470921938
-0.8760986328125,-0.35546875,-0.3663330078125,2513,1602470921945
-0.90771484375,-0.36474609375,-0.40185546875,2514,1602470921968
-0.923583984375,-0.36328125,-0.4302978515625,2514,1602470921975
-0.889892578125,-0.3572998046875,-0.4376220703125,2514,1602470921983
-0.8408203125,-0.3392333984375,-0.425537109375,2514,1602470921990
-0.827880859375,-0.3194580078125,-0.4095458984375,2515,1602470921998
-0.862060546875,-0.31005859375,-0.412841796875,2515,1602470922005
-0.9027099609375,-0.31640625,-0.423095703125,2515,1602470922020
-0.9150390625,-0.3232421875,-0.444580078125,2516,1602470922028
-0.900146484375,-0.32666015625,-0.4344482421875,2516,1602470922035
-0.8818359375,-0.3145751953125,-0.4208984375,2516,1602470922050
-0.901611328125,-0.2958984375,-0.4110107421875,2516,1602470922058
-0.918212890625,-0.2978515625,-0.392578125,2517,1602470922065
-0.921875,-0.307373046875,-0.3568115234375,2517,1602470922080
-0.927001953125,-0.3045654296875,-0.3192138671875,2517,1602470922088
-0.94287109375,-0.29931640625,-0.3294677734375,2518,1602470922095
-0.94287109375,-0.2806396484375,-0.2718505859375,2518,1602470922110
-0.8782958984375,-0.290283203125,-0.2869873046875,2518,1602470922118
-0.8963623046875,-0.3076171875,-0.3238525390625,2519,1602470922126
-0.9759521484375,-0.307373046875,-0.359375,2519,1602470922140
-1.0228271484375,-0.29296875,-0.3660888671875,2519,1602470922148
-0.990234375,-0.3045654296875,-0.328857421875,2519,1602470922155
-0.8289794921875,-0.29541015625,-0.2138671875,2520,1602470922170
-0.6983642578125,-0.2459716796875,-0.133544921875,2520,1602470922178
-0.808349609375,-0.2305908203125,-0.1640625,2520,1602470922185
-0.976806640625,-0.3333740234375,-0.254150390625,2521,1602470922200
-0.8887939453125,-0.4473876953125,-0.292724609375,2521,1602470922215
-0.7095947265625,-0.4095458984375,-0.2861328125,2521,1602470922223
-0.680419921875,-0.3253173828125,-0.273681640625,2522,1602470922230
-0.8621826171875,-0.321044921875,-0.2568359375,2522,1602470922238
-0.952392578125,-0.3447265625,-0.1947021484375,2522,1602470922245
-0.9072265625,-0.31494140625,-0.207763671875,2523,1602470922260
-0.9263916015625,-0.3031005859375,-0.2625732421875,2523,1602470922268
-0.9912109375,-0.3477783203125,-0.31640625,2523,1602470922275
-1.0126953125,-0.3907470703125,-0.3389892578125,2523,1602470922290
-0.996826171875,-0.3765869140625,-0.3133544921875,2524,1602470922298
-1.0003662109375,-0.33349609375,-0.2738037109375,2524,1602470922305
-0.9742431640625,-0.31201171875,-0.3104248046875,2524,1602470922320
-0.8734130859375,-0.3057861328125,-0.3643798828125,2524,1602470922328
-0.7320556640625,-0.2998046875,-0.423095703125,2525,1602470922335
-0.708740234375,-0.2904052734375,-0.509033203125,2525,1602470922350
-0.752685546875,-0.31884765625,-0.5394287109375,2525,1602470922358
-0.7452392578125,-0.3536376953125,-0.5325927734375,2526,1602470922365
-0.7431640625,-0.3529052734375,-0.46728515625,2526,1602470922388
-0.76171875,-0.33154296875,-0.400390625,2527,1602470922395
-0.841064453125,-0.308349609375,-0.356201171875,2527,1602470922403
-0.9422607421875,-0.3116455078125,-0.34619140625,2527,1602470922410
-0.9852294921875,-0.3194580078125,-0.3590087890625,2527,1602470922418
-0.987060546875,-0.3187255859375,-0.3544921875,2527,1602470922425
-0.969482421875,-0.3326416015625,-0.390380859375,2528,1602470922440
-0.9815673828125,-0.33837890625,-0.3857421875,2528,1602470922455
-0.974609375,-0.338134765625,-0.3828125,2529,1602470922463
-0.94384765625,-0.3577880859375,-0.3673095703125,2529,1602470922470
-0.8846435546875,-0.38818359375,-0.3873291015625,2529,1602470922478
-0.78125,-0.389892578125,-0.388427734375,2529,1602470922485
-0.6956787109375,-0.353759765625,-0.384765625,2530,1602470922500
-0.7572021484375,-0.3162841796875,-0.414306640625,2530,1602470922508
-0.888916015625,-0.34423828125,-0.423828125,2530,1602470922515
-0.9542236328125,-0.403564453125,-0.419189453125,2531,1602470922530
-0.9276123046875,-0.40380859375,-0.413330078125,2531,1602470922538
-0.82958984375,-0.3585205078125,-0.407470703125,2531,1602470922545
-0.748779296875,-0.326416015625,-0.40234375,2532,1602470922560
-0.7332763671875,-0.3233642578125,-0.4129638671875,2532,1602470922568
-0.7413330078125,-0.333251953125,-0.43603515625,2532,1602470922575
-0.81298828125,-0.34814453125,-0.46337890625,2532,1602470922590
-0.871337890625,-0.3616943359375,-0.4600830078125,2533,1602470922598
-0.8194580078125,-0.3377685546875,-0.439208984375,2533,1602470922605
-0.90283203125,-0.267578125,-0.3739013671875,2533,1602470922620
-0.9915771484375,-0.3092041015625,-0.4024658203125,2533,1602470922628
-0.8785400390625,-0.4132080078125,-0.5345458984375,2534,1602470922635
-0.7030029296875,-0.3834228515625,-0.5506591796875,2534,1602470922650
-0.6334228515625,-0.332763671875,-0.507080078125,2534,1602470922658
-0.7401123046875,-0.327880859375,-0.50048828125,2535,1602470922665
-0.849365234375,-0.35888671875,-0.4923095703125,2535,1602470922680
-0.8587646484375,-0.380126953125,-0.4586181640625,2535,1602470922688
-0.8519287109375,-0.358642578125,-0.439453125,2535,1602470922695
-0.856201171875,-0.3260498046875,-0.4266357421875,2536,1602470922710
-0.8206787109375,-0.3438720703125,-0.4346923828125,2536,1602470922718
-0.774169921875,-0.3836669921875,-0.442138671875,2536,1602470922725
-0.84326171875,-0.3839111328125,-0.4364013671875,2537,1602470922733
-0.9764404296875,-0.3807373046875,-0.416748046875,2537,1602470922748
-1.037353515625,-0.39990234375,-0.4091796875,2537,1602470922755
-1.0494384765625,-0.396484375,-0.4029541015625,2538,1602470922763
-1.012451171875,-0.3779296875,-0.384033203125,2538,1602470922778
-0.9505615234375,-0.3892822265625,-0.3968505859375,2538,1602470922785
-0.92919921875,-0.3887939453125,-0.3968505859375,2538,1602470922793
-0.9500732421875,-0.349609375,-0.386962890625,2539,1602470922808
-0.9442138671875,-0.33154296875,-0.4345703125,2539,1602470922815
-0.87255859375,-0.3231201171875,-0.4547119140625,2539,1602470922823
-0.7713623046875,-0.3323974609375,-0.46630859375,2540,1602470922838
-0.718994140625,-0.3426513671875,-0.4481201171875,2540,1602470922845
-0.729736328125,-0.345947265625,-0.3717041015625,2540,1602470922853
-0.797607421875,-0.36376953125,-0.239990234375,2541,1602470922868
-0.7938232421875,-0.40478515625,-0.24462890625,2541,1602470922875
-0.8795166015625,-0.3994140625,-0.3316650390625,2541,1602470922883
-0.9625244140625,-0.36865234375,-0.3895263671875,2542,1602470922898
-0.89501953125,-0.398193359375,-0.4688720703125,2542,1602470922905
-0.84912109375,-0.4307861328125,-0.5372314453125,2542,1602470922913
-0.68017578125,-0.46435546875,-0.436767578125,2543,1602470922928
-0.598388671875,-0.4443359375,-0.3533935546875,2543,1602470922935
-0.7833251953125,-0.358154296875,-0.3079833984375,2543,1602470922943
-0.99169921875,-0.3896484375,-0.3062744140625,2543,1602470922958
-1.0692138671875,-0.4456787109375,-0.2869873046875,2544,1602470922965
-1.1005859375,-0.432861328125,-0.2855224609375,2544,1602470922973
-1.1409912109375,-0.4068603515625,-0.30615234375,2544,1602470922988
-1.1712646484375,-0.3995361328125,-0.340576171875,2544,1602470922995
-1.12158203125,-0.426513671875,-0.305419921875,2545,1602470923003
-0.991455078125,-0.4569091796875,-0.2535400390625,2545,1602470923018
-0.6650390625,-0.437744140625,-0.258056640625,2545,1602470923025
-0.4443359375,-0.3397216796875,-0.280517578125,2546,1602470923033
-0.5611572265625,-0.2603759765625,-0.262451171875,2546,1602470923048
-0.4735107421875,-0.3387451171875,-0.229248046875,2546,1602470923055
-0.2554931640625,-0.4306640625,-0.20166015625,2546,1602470923063
-0.67919921875,-0.4053955078125,-0.203857421875,2547,1602470923078
-1.1278076171875,-0.3861083984375,-0.177734375,2547,1602470923085
-1.2904052734375,-0.4315185546875,-0.2625732421875,2547,1602470923093
-1.5357666015625,-0.4161376953125,-0.2840576171875,2548,1602470923108
-1.400390625,-0.42138671875,-0.2598876953125,2548,1602470923115
-1.0107421875,-0.4188232421875,-0.19091796875,2548,1602470923123
-0.848876953125,-0.393798828125,-0.1461181640625,2549,1602470923138
-0.8609619140625,-0.393798828125,-0.1407470703125,2549,1602470923145
-0.8570556640625,-0.412109375,-0.0819091796875,2549,1602470923153
-0.8095703125,-0.4267578125,-0.048095703125,2550,1602470923168
-0.779541015625,-0.4168701171875,-0.0194091796875,2550,1602470923175
-0.794677734375,-0.417236328125,0.04296875,2550,1602470923183
-0.8114013671875,-0.4327392578125,0.1180419921875,2551,1602470923198
-0.855712890625,-0.4228515625,0.148681640625,2551,1602470923205
-1.0269775390625,-0.423095703125,0.140380859375,2551,1602470923213
-1.112548828125,-0.40185546875,0.1121826171875,2551,1602470923228
-1.019775390625,-0.4013671875,0.0667724609375,2552,1602470923235
-0.8563232421875,-0.4283447265625,0.0604248046875,2552,1602470923243
-0.711181640625,-0.442626953125,0.0545654296875,2552,1602470923258
-0.6934814453125,-0.4163818359375,0.0704345703125,2553,1602470923265
-0.7547607421875,-0.41357421875,0.0706787109375,2553,1602470923273
-0.8028564453125,-0.4520263671875,0.0992431640625,2553,1602470923288
-0.8646240234375,-0.4945068359375,0.15283203125,2553,1602470923295
-0.8466796875,-0.5394287109375,0.1917724609375,2554,1602470923303
-0.7730712890625,-0.5367431640625,0.254150390625,2554,1602470923318
-0.76171875,-0.5203857421875,0.318115234375,2554,1602470923325
-0.6298828125,-0.50927734375,0.422607421875,2555,1602470923333
-0.5218505859375,-0.4473876953125,0.5438232421875,2555,1602470923348
-0.5736083984375,-0.3472900390625,0.6005859375,2555,1602470923355
-0.729736328125,-0.32421875,0.5838623046875,2555,1602470923363
-0.833984375,-0.34326171875,0.5712890625,2556,1602470923378
-0.8515625,-0.350830078125,0.548095703125,2556,1602470923385
-0.8572998046875,-0.3367919921875,0.5479736328125,2556,1602470923393
-0.7918701171875,-0.3258056640625,0.5958251953125,2557,1602470923408
-0.71923828125,-0.406494140625,0.5079345703125,2557,1602470923415
-0.7852783203125,-0.3775634765625,0.3658447265625,2557,1602470923423
-0.8828125,-0.3631591796875,0.2928466796875,2558,1602470923438
-0.936279296875,-0.3541259765625,0.288330078125,2558,1602470923445
-0.994384765625,-0.3890380859375,0.3411865234375,2558,1602470923453
-0.957763671875,-0.41064453125,0.3880615234375,2559,1602470923468
-0.8824462890625,-0.41552734375,0.4173583984375,2559,1602470923475
-0.8511962890625,-0.4219970703125,0.431640625,2559,1602470923483
-0.8187255859375,-0.4271240234375,0.4488525390625,2560,1602470923498
-0.774658203125,-0.423828125,0.5010986328125,2560,1602470923505
-0.693115234375,-0.3984375,0.557861328125,2560,1602470923513
-0.6646728515625,-0.3603515625,0.574951171875,2560,1602470923528
-0.705322265625,-0.34765625,0.5518798828125,2561,1602470923535
-0.7701416015625,-0.3609619140625,0.5172119140625,2561,1602470923543
-0.82275390625,-0.3642578125,0.4891357421875,2561,1602470923558
-0.83349609375,-0.3609619140625,0.47314453125,2562,1602470923565
-0.8389892578125,-0.3753662109375,0.456787109375,2562,1602470923573
-0.849609375,-0.3812255859375,0.4609375,2562,1602470923588
-0.866943359375,-0.3720703125,0.49365234375,2562,1602470923595
-0.8787841796875,-0.3817138671875,0.5399169921875,2563,1602470923603
-0.843505859375,-0.3731689453125,0.534423828125,2563,1602470923618
-0.8157958984375,-0.3192138671875,0.5311279296875,2563,1602470923625
-0.8096923828125,-0.30810546875,0.5194091796875,2564,1602470923633
-0.791748046875,-0.36376953125,0.5062255859375,2564,1602470923648
-0.767333984375,-0.4151611328125,0.4794921875,2564,1602470923655
-0.76806640625,-0.426025390625,0.4544677734375,2564,1602470923663
-0.7891845703125,-0.4072265625,0.452392578125,2565,1602470923678
-0.7960205078125,-0.3729248046875,0.4853515625,2565,1602470923685
-0.810546875,-0.3389892578125,0.5404052734375,2565,1602470923693
-0.8258056640625,-0.355224609375,0.512939453125,2566,1602470923708
-0.8199462890625,-0.3724365234375,0.5020751953125,2566,1602470923715
-0.8018798828125,-0.3792724609375,0.4951171875,2566,1602470923723
-0.794921875,-0.38427734375,0.4730224609375,2567,1602470923738
-0.7918701171875,-0.3912353515625,0.4378662109375,2567,1602470923745
-0.795166015625,-0.37890625,0.4156494140625,2567,1602470923753
-0.839599609375,-0.3505859375,0.4334716796875,2568,1602470923768
-0.8797607421875,-0.3507080078125,0.43603515625,2568,1602470923775
-0.881591796875,-0.3536376953125,0.4381103515625,2568,1602470923783
-0.8839111328125,-0.35693359375,0.447998046875,2568,1602470923798
-0.8800048828125,-0.3880615234375,0.449951171875,2569,1602470923805
-0.8116455078125,-0.4276123046875,0.4310302734375,2569,1602470923813
-0.772705078125,-0.4293212890625,0.4208984375,2569,1602470923828
-0.746826171875,-0.4112548828125,0.4171142578125,2570,1602470923835
-0.673583984375,-0.343017578125,0.4388427734375,2570,1602470923843
-0.8634033203125,-0.3018798828125,0.460205078125,2570,1602470923850
-1.031494140625,-0.3851318359375,0.4478759765625,2571,1602470923865
-0.8851318359375,-0.4542236328125,0.440673828125,2571,1602470923873
-0.6805419921875,-0.38916015625,0.43798828125,2571,1602470923880
-0.6666259765625,-0.2630615234375,0.422119140625,2571,1602470923895
-0.74755859375,-0.2088623046875,0.4273681640625,2572,1602470923903
-0.7142333984375,-0.2645263671875,0.4422607421875,2572,1602470923910
-0.74560546875,-0.2955322265625,0.4547119140625,2572,1602470923925
-0.9935302734375,-0.3233642578125,0.44775390625,2573,1602470923933
-1.031494140625,-0.4136962890625,0.4632568359375,2573,1602470923940
-0.9002685546875,-0.47998046875,0.4625244140625,2573,1602470923955
-0.8929443359375,-0.41748046875,0.48046875,2573,1602470923963
-0.981689453125,-0.3145751953125,0.4356689453125,2574,1602470923970
-1.01904296875,-0.2506103515625,0.408447265625,2574,1602470923985
-1.0072021484375,-0.2613525390625,0.3907470703125,2574,1602470923993
-0.9697265625,-0.3221435546875,0.42431640625,2575,1602470924000
-0.905029296875,-0.367431640625,0.463134765625,2575,1602470924015
-0.801025390625,-0.3656005859375,0.496337890625,2575,1602470924023
-0.728515625,-0.3446044921875,0.5350341796875,2575,1602470924030
-0.7216796875,-0.3245849609375,0.5584716796875,2576,1602470924045
-0.744140625,-0.328857421875,0.5821533203125,2576,1602470924053
-0.807373046875,-0.32861328125,0.622802734375,2576,1602470924060
-0.882568359375,-0.310302734375,0.661376953125,2577,1602470924075
-0.8768310546875,-0.2664794921875,0.6534423828125,2577,1602470924083
-0.7913818359375,-0.2401123046875,0.663330078125,2577,1602470924090
-0.6903076171875,-0.251708984375,0.6961669921875,2578,1602470924105
-0.6614990234375,-0.2275390625,0.7164306640625,2578,1602470924113
-0.6551513671875,-0.1976318359375,0.75537109375,2578,1602470924120
-0.689453125,-0.1973876953125,0.823486328125,2579,1602470924135
-0.8128662109375,-0.194091796875,0.8822021484375,2579,1602470924143
-0.8206787109375,-0.1622314453125,0.8968505859375,2579,1602470924150
-0.6380615234375,-0.1263427734375,0.8560791015625,2579,1602470924165
-0.4095458984375,-0.0853271484375,0.85498046875,2580,1602470924173
-0.24951171875,-0.0733642578125,0.9276123046875,2580,1602470924180
-0.1729736328125,-0.0999755859375,0.98291015625,2580,1602470924195
-0.1617431640625,-0.155517578125,0.9957275390625,2581,1602470924203
-0.209228515625,-0.2073974609375,1.0291748046875,2581,1602470924211
-0.304931640625,-0.2364501953125,1.02880859375,2581,1602470924225
-0.38134765625,-0.30908203125,0.9539794921875,2581,1602470924233
-0.4063720703125,-0.38525390625,0.9207763671875,2582,1602470924240
-0.3883056640625,-0.42041015625,0.9095458984375,2582,1602470924255
-0.3197021484375,-0.462890625,0.8665771484375,2582,1602470924263
-0.2320556640625,-0.534423828125,0.867919921875,2583,1602470924270
-0.164306640625,-0.627197265625,0.90234375,2583,1602470924285
-0.1143798828125,-0.7120361328125,0.9107666015625,2583,1602470924293
-0.0484619140625,-0.78076171875,0.8941650390625,2584,1602470924300
0.049560546875,-0.8218994140625,0.89501953125,2584,1602470924315
0.115478515625,-0.839599609375,0.8494873046875,2584,1602470924323
0.1173095703125,-0.8524169921875,0.783447265625,2584,1602470924330
0.1080322265625,-0.8643798828125,0.6937255859375,2585,1602470924353
0.159912109375,-0.8902587890625,0.616943359375,2585,1602470924360
0.243896484375,-0.93359375,0.5601806640625,2585,1602470924368
0.25927734375,-0.9605712890625,0.565673828125,2586,1602470924375
0.2098388671875,-0.952880859375,0.584228515625,2586,1602470924383
0.1689453125,-0.924560546875,0.5721435546875,2586,1602470924390
0.1595458984375,-0.8804931640625,0.552978515625,2587,1602470924405
0.11376953125,-0.8116455078125,0.59814453125,2587,1602470924413
-0.0372314453125,-0.69091796875,0.690673828125,2587,1602470924420
-0.2501220703125,-0.582763671875,0.77587890625,2587,1602470924435
-0.3328857421875,-0.5413818359375,0.7537841796875,2588,1602470924443
-0.2763671875,-0.516845703125,0.6962890625,2588,1602470924450
-0.37451171875,-0.4508056640625,0.681396484375,2589,1602470924480
-0.5924072265625,-0.36962890625,0.62060546875,2589,1602470924495
-0.7144775390625,-0.3477783203125,0.57861328125,2590,1602470924503
-0.695068359375,-0.330322265625,0.6065673828125,2590,1602470924510
-0.7835693359375,-0.2041015625,0.778564453125,2590,1602470924518
-1.046142578125,0.072265625,0.9705810546875,2590,1602470924525
-1.224853515625,0.3409423828125,0.998779296875,2590,1602470924533
-1.2015380859375,0.4271240234375,0.847412109375,2591,1602470924540
-1.0594482421875,0.3525390625,0.7064208984375,2591,1602470924548
-0.9501953125,0.193115234375,0.6182861328125,2591,1602470924555
-0.9718017578125,-0.0076904296875,0.6190185546875,2591,1602470924563
-0.9398193359375,-0.1383056640625,0.667236328125,2592,1602470924570
-0.8463134765625,-0.16015625,0.734130859375,2592,1602470924585
-0.8046875,-0.1114501953125,0.8402099609375,2592,1602470924593
-0.8282470703125,-0.05908203125,0.935546875,2593,1602470924600
-0.885009765625,-0.0113525390625,0.9493408203125,2593,1602470924615
-0.8114013671875,0.0047607421875,0.849609375,2593,1602470924623
-0.6768798828125,-0.0201416015625,0.755859375,2593,1602470924630
-0.635498046875,-0.085693359375,0.7257080078125,2594,1602470924645
-0.60009765625,-0.171875,0.70654296875,2594,1602470924653
-0.52978515625,-0.2232666015625,0.670654296875,2594,1602470924660
-0.518798828125,-0.2244873046875,0.7264404296875,2595,1602470924698
-0.5548095703125,-0.170654296875,0.7957763671875,2596,1602470924705
-0.6014404296875,-0.117431640625,0.841064453125,2596,1602470924713
-0.6588134765625,-0.115478515625,0.82177734375,2596,1602470924720
-0.621337890625,-0.153564453125,0.8167724609375,2596,1602470924728
-0.5074462890625,-0.1806640625,0.8446044921875,2596,1602470924735
-0.4134521484375,-0.181884765625,0.8890380859375,2597,1602470924743
-0.3717041015625,-0.1634521484375,0.8980712890625,2597,1602470924750
-0.4351806640625,-0.123046875,0.858642578125,2597,1602470924758
-0.4847412109375,-0.0992431640625,0.821044921875,2597,1602470924765
-0.49609375,-0.104248046875,0.77587890625,2598,1602470924773
-0.58935546875,-0.1220703125,0.730712890625,2598,1602470924780
-0.6365966796875,-0.1304931640625,0.7547607421875,2598,1602470924803
-0.5391845703125,-0.1126708984375,0.78662109375,2599,1602470924810
-0.453369140625,-0.082275390625,0.853271484375,2599,1602470924818
-0.3927001953125,-0.051025390625,0.9234619140625,2599,1602470924833
-0.4107666015625,-0.0003662109375,0.9912109375,2600,1602470924840
-0.4754638671875,0.0213623046875,0.9849853515625,2600,1602470924848
-0.610595703125,0.0142822265625,1.0535888671875,2600,1602470924855
-0.6229248046875,0.0064697265625,1.0347900390625,2600,1602470924878
-0.606689453125,-0.0272216796875,0.9949951171875,2600,1602470924885
-0.5709228515625,-0.0797119140625,0.9921875,2600,1602470924893
-0.5189208984375,-0.1251220703125,1.0155029296875,2600,1602470924900
-0.5074462890625,-0.1697998046875,1.03125,2600,1602470924908
-0.60107421875,-0.2354736328125,0.9781494140625,2600,1602470924915
